12129
9167
8063
8831
16783
14177
8891
7906
8160
7320
7712
8072
7946
7480
7922
8261
7535
8339
8741
7769
7982
7416
7487
8838
7589
7567
8377
7991
7269
7488
8203
8273
8038
7362
10453
7825
7353
7893
7541
8122
7723
8467
7598
8003
7800
7539
7615
7455
7953
8466
7818
8229
8024
7378
8259
7700
7726
7830
8126
7885
7576
7394
7646
7409
7887
7962
7772
7870
8740
8539
8744
8031
7733
7323
7704
7987
8078
7620
7940
8343
7490
7845
7755
7935
6917
7213
7374
7621
7834
7743
7967
7532
8532
7596
7574
7398
7330
7536
8703
7316
7437
8107
7812
7138
7369
7455
7091
7130
7128
7133
8243
7982
7030
7026
7767
6572
7307
7426
7430
7064
7282
6775
7427
7367
7656
7264
7516
7387
7207
7343
8699
6558
7120
7061
6651
6967
7310
7528
7290
7151
7395
6954
6618
7098
7012
6781
7469
7393
8182
7067
7620
8325
7204
7066
7003
6993
7734
7285
7034
7012
7100
7161
7067
7092
6973
7686
7709
7436
7383
7174
7972
7445
8036
7217
7646
7334
6695
7073
7901
7002
7147
7258
7379
6996
7038
7016
7171
7411
7855
7369
7314
7312
7906
7204
6473
7577
6809
7113
7621
7100
7490
7175
7046
7624
7219
7338
7001
7162
7402
7361
7497
7559
6993
7293
7129
6776
8108
7704
8111
7209
7184
8031
7300
7051
7043
7140
7229
7332
7232
7977
6703
7065
7064
7148
7060
8307
6723
7186
7248
6914
6569
7065
7262
8217
8225
8322
7409
7352
7420
7390
7165
7545
7135
7235
7046
7225
8160
7456
8946
7265
6743
7393
6510
7470
7182
7422
7812
8695
7269
9121
7262
7932
6641
7389
7023
6571
7186
6630
7126
7824
7543
7346
7402
7141
7036
7238
7043
7442
7242
6750
8119
7310
8241
7262
7460
6880
7135
7804
7917
7592
7167
7463
7525
7087
7423
7195
7142
6904
7168
7188
7424
7453
7114
7136
7254
7133
8015
7152
7120
7496
8090
7246
7167
6718
7397
7036
6775
7198
7382
8528
7151
7266
7460
6700
6952
6555
6639
7105
7077
7167
6990
7247
7748
7050
7192
7635
7625
6966
6759
7051
7289
7068
7025
7003
7484
8241
7531
7029
6637
7285
6839
7461
6717
7995
7330
7154
7248
7349
8235
7325
8158
7166
6780
7874
7513
6620
7031
6457
7359
7273
7266
6960
7124
7193
7444
7437
7539
6541
6447
7286
6488
6892
7020
7626
9112
7050
7246
7205
8663
7112
7300
6800
7189
7253
7160
6825
7474
7305
7055
7054
7049
6637
8212
7182
6768
8132
7028
6977
6515
7326
7222
7194
7319
7056
7215
7664
7099
7263
6868
7031
7649
7276
7200
8047
7268
8583
7092
7109
7282
7025
7169
7055
6653
7060
7135
7126
8441
7149
6524
7038
7294
8679
7229
7025
7577
6492
7615
7220
7154
8540
7429
7358
7060
7369
6869
7124
7029
7343
6808
8514
6482
7318
7755
7584
7141
7389
7020
8038
7022
7602
7540
6505
7046
7013
7206
25116
24485
25867
12664
12397
11585
12669
12971
12931
12321
11264
12272
13177
12339
12367
12739
12410
12947
12865
12486
11306
12631
12807
13470
13515
11822
12905
11665
12723
13361
13600
13479
10944
13555
12591
12052
12353
11919
13751
11840
14085
13110
13810
11002
12520
13364
12367
12411
12644
11713
12386
24750
16381
10184
9869
9913
11433
10408
9533
10032
9643
10738
9245
9467
24592
30043
25028
17061
16502
16208
11858
12928
11853
11589
11888
11856
11932
12227
12499
12035
11954
12107
12098
12924
11928
12270
11870
12502
12165
11885
23880
24764
15743
9665
9181
9778
11807
9643
9567
9457
10164
10864
9933
9489
9576
9653
11243
11211
10351
9797
9729
13319
9527
9705
9452
9821
9649
9308
9637
9539
9508
10934
9916
9443
9568
9623
10230
9616
10835
11861
9576
8767
10753
11774
9638
10505
11566
8870
9519
9595
9804
10496
9773
9571
9553
9686
10033
9727
9777
9515
9504
11636
9713
9186
9402
9470
10073
9950
9469
9321
10234
11030
9621
9860
9928
9835
11351
10170
9926
9843
8937
11259
9732
10575
9816
10400
11586
9723
9869
9641
10166
10040
10067
9515
9764
9237
10317
9353
10047
9389
9336
11522
11509
9880
8799
9323
10405
9539
11529
9719
9487
10735
10358
10309
10385
9474
9910
10651
9636
9601
9363
11120
8875
9226
9802
9746
11067
9104
13034
10106
10358
10762
10202
9769
9507
11697
9950
9610
9763
10798
9735
10644
9746
9971
9823
9717
10424
8817
9788
10198
9500
10266
10228
9973
9375
9857
10100
9382
9796
9851
9478
10617
9631
9875
9985
9861
10858
10004
9706
9848
10421
12326
10077
9904
9734
10605
9994
10542
9927
10298
8740
9727
9876
9387
9447
9682
11270
9652
9710
9610
9769
9922
10677
9797
8661
8744
9792
9499
10741
9799
10211
11177
9446
10321
9746
9909
9926
9466
9222
9658
11205
11224
9932
10904
9522
23396
24500
13067
12624
12566
13003
12171
13349
12108
13353
24675
24794
21094
11918
13146
12773
11556
12042
12237
12251
12165
12511
13349
12303
11884
12428
12893
11804
12089
13568
12003
11268
12253
25217
24519
23749
12083
9780
9793
9830
10567
11863
8978
9777
9311
9403
10123
10351
9454
8913
9625
9886
9615
9705
9630
10048
10467
10733
9484
9478
9594
11245
9705
9025
11297
11188
9645
10105
10047
9750
10024
11393
9859
9975
9756
9005
9801
9789
10058
9786
9056
10853
9474
9470
9005
9860
10410
9644
9552
9335
9905
10253
9082
10511
24367
31036
16153
16542
16035
17727
16290
11949
12023
14661
12081
12049
14234
11581
12092
11731
11924
28226
22265
15784
16097
15737
16494
15449
17272
17015
16987
15777
18485
17544
17150
16959
17589
19206
15667
15985
12271
14476
12977
12932
12062
12895
25342
22281
17764
12403
8831
8874
9501
9883
9973
10105
9784
9808
9796
9774
8805
10107
10825
10309
9507
9488
9538
9552
9844
9400
9795
9490
10283
10689
10315
10328
11458
9716
10398
9722
9788
9862
9878
12371
9792
9844
9863
10492
10544
9908
9912
9714
10168
13541
8483
11368
10278
10832
10505
9480
9472
9495
9733
10125
9752
9124
26712
27474
16486
12211
9770
10055
9949
9823
9992
9256
9829
11528
9821
9427
11277
10766
28969
24986
27090
19496
16968
18330
17802
18273
16399
17735
15954
18790
15528
17807
15270
18431
11030
10431
9896
9641
10787
10657
8924
9498
10862
10643
8832
9806
9898
10332
10687
9432
9651
8824
9434
11350
9759
9161
10382
10290
10350
9754
10850
9613
11830
10437
11203
9539
9026
10327
10599
9907
9759
10395
9433
9988
9936
8813
9689
9000
10634
9463
9648
10154
9719
10511
9980
9813
9873
9773
10081
9498
9965
9757
9541
10724
9711
10676
9073
10370
10700
10422
9537
9582
10171
10656
9351
9542
10291
9486
10874
9996
8907
9705
9310
11736
9063
9754
9741
9691
10785
10315
10584
9929
9892
10653
9571
10063
9460
9706
10598
9490
10285
11034
9882
10057
9932
9924
24664
26387
24429
16832
17587
14751
11767
12158
9364
9488
10304
9126
9598
9744
9053
10918
9782
9721
9508
9735
10595
10419
9634
11043
10519
10158
8790
9451
10925
10024
10826
10177
10660
10203
10373
10893
10141
10549
10159
9785
9739
10125
9082
10163
25661
23717
17546
13890
13560
9847
10218
9472
9674
10584
10582
10301
9093
8882
10144
10663
10186
9455
10101
10821
9798
9808
9825
9651
10790
9626
9627
9632
9791
11555
24664
25832
20065
8797
9969
9578
9304
10565
9307
9617
9480
10221
9792
9489
9753
9566
9504
12035
9613
9830
9441
10390
10594
9481
10022
9823
9930
11944
9903
11198
9503
10209
10250
9550
9465
9724
10463
9776
9462
11589
10431
10033
10434
9717
9550
9645
9994
10377
9554
9664
9885
9789
10853
10247
10314
24629
27004
21234
12420
11909
12775
11960
12819
12234
11886
13162
12718
11904
11869
11632
13560
13214
12048
12343
13856
12401
12290
12030
12055
12514
12303
11492
12669
13071
12164
12488
14062
12472
11861
12080
11514
12943
13038
12983
12264
11371
13234
13776
12489
11159
11919
13979
11857
12037
11819
12627
12548
12218
13455
12045
13203
13229
13603
12608
13282
12035
12325
11503
12733
13087
13406
11927
12240
12433
13631
11571
12120
13493
12396
11435
12265
12433
13256
12759
11705
12647
12986
12706
12455
12155
12031
13104
12081
12416
13207
12304
12653
12542
12265
11990
11095
12811
13969
12554
12032
12636
12238
12434
11975
12429
12953
11612
12275
11904
13529
11917
11512
12655
12378
13122
12728
12662
11904
14460
12303
12155
11668
12168
13724
12946
12364
11737
12686
12564
14079
13407
12737
12692
14102
12965
12747
12363
12095
12505
12262
12389
12658
11925
12525
13097
11703
13535
12003
12618
12424
13192
12404
12241
12354
12439
12333
12609
11257
11921
12564
11503
12298
11284
12513
12363
12703
11437
12481
11379
12619
13005
12408
12536
12105
13037
12089
11402
14006
12564
12695
12346
12503
12069
12368
12504
12432
26538
24208
18314
15787
12024
12254
12455
12084
12301
11968
12341
12480
12853
12387
12949
12336
12373
11977
11920
12917
15594
13190
13280
12420
12369
12436
12664
11931
14035
11145
12064
13358
12605
12732
11261
12311
9415
9902
9738
9870
10284
9278
9881
11054
9894
10791
9310
10010
9882
9731
10910
9502
9509
9656
11127
12691
9677
9724
12217
9792
11835
12254
10082
10446
10470
10836
9788
9237
10172
9725
10630
9906
9856
9487
9507
9773
10451
9859
9933
10190
12140
8977
10021
9880
9751
11037
9831
9475
9544
9597
10626
9954
9609
10744
9289
10491
10249
11038
9716
9530
10557
10102
9759
9836
9781
10399
10342
9763
9471
9469
10633
10316
8938
9367
9703
10207
9835
8821
10636
10403
12482
10324
9724
10084
9593
10621
9113
10423
9725
10459
9912
9157
9843
8885
9547
9869
10194
9839
9794
9631
9922
24528
24770
17918
11103
8083
7444
8539
8683
8661
8771
8639
8917
8774
8505
8189
8378
8385
8169
8705
8979
8019
8170
8275
8759
8713
8859
9508
8133
8266
7906
8444
8033
8195
7786
8229
8174
7916
8142
8186
8266
8132
9446
8325
8053
8811
10452
8263
8686
7432
8108
8966
7924
10341
8935
8249
7591
8451
8101
8015
7896
8023
8123
7607
8061
8174
8037
26510
24266
15964
12917
13617
11952
11737
11646
12395
12196
12415
11888
13543
11244
12008
11876
12131
12429
13946
13447
12389
11668
13077
10781
12130
12222
12178
12151
12363
13392
12802
12151
12738
12799
12610
12095
12454
12477
12150
13958
12002
12027
11685
11997
13981
14346
12907
11979
12482
12501
12985
13149
12537
12734
11644
13512
12417
12233
11876
12095
12335
12220
12982
11042
12485
11254
12232
12265
11920
13359
12173
12060
12360
11541
11610
11494
11905
12437
12590
11775
11665
12892
14326
11884
12578
12392
11833
12206
11926
11896
15392
11545
12024
12351
11903
14909
11932
11865
12285
12280
12321
14167
12438
12709
12036
12571
12539
12075
12400
12732
11842
12023
13149
12328
12339
11842
11485
12524
13781
12554
12170
12018
12103
12515
11803
12503
12270
12745
11905
11913
11628
12117
12950
12457
12078
11807
11816
11829
12495
12498
12481
12262
12365
11765
12013
11909
12265
12526
11847
12124
11817
11640
12270
13626
12339
11838
11811
13681
13319
11358
12126
