45118
4257
4700
4228
4857
3992
4045
4806
4277
3603
3603
4175
3507
4067
3689
4330
3568
4317
3687
3793
4415
3678
4885
4443
3290
3414
4008
4354
3983
4005
4006
4002
3939
3249
3215
3204
3926
4014
4049
4128
3983
4029
4089
4089
3523
4217
3269
3488
4033
4029
4239
4266
4226
3349
4261
4263
3472
3530
3114
4094
3818
3759
3153
3207
3226
3261
4166
3228
3625
4140
3102
3393
3842
3054
4121
3136
3922
3856
3138
3057
3476
3244
4197
3461
4166
4269
4259
4060
3307
3555
3322
4025
4212
4397
4080
4390
4344
4218
3785
4394
4343
4282
4059
4056
3390
3455
3398
4294
3534
3490
3452
3479
3570
4248
4158
4163
4106
4004
4073
4007
4036
4560
4262
4099
4176
4124
4175
3967
3996
4204
4048
4018
4172
4065
3980
3984
4160
4031
4072
4257
4121
4382
4001
4222
4082
4058
4509
3754
3279
4220
3412
3929
3395
4254
3285
4030
4008
4066
4084
4095
4028
4009
4146
4127
4402
4383
4211
4097
4186
4137
3618
3399
3663
4137
4147
4092
4082
4094
4153
4074
4099
4080
4087
4235
4091
3430
3400
3422
4046
3348
3442
3267
4069
4028
4003
4032
3991
3993
3977
3206
4067
3971
3941
3955
3972
3976
4011
4020
4091
4063
4103
4107
4108
3581
3357
4130
3438
3413
4095
3261
4074
3978
4006
4014
3963
4129
4048
3975
4044
3229
3983
4059
4046
47264
4016
3419
5185
4099
3425
4213
4243
4273
5136
4638
4053
4214
4097
3990
3217
4431
4102
4302
4174
3493
3502
3213
3500
3187
3771
3995
3968
4567
4017
4452
4002
4384
4264
4127
4408
4425
4003
4356
3853
3484
4055
3298
4498
4180
4160
4037
4127
4150
4049
3996
3973
3975
3914
3928
4013
3662
3680
3745
3667
3692
3735
3842
4252
4181
4304
3774
4238
4220
3967
3264
3373
3929
3894
3350
3285
3956
3976
4170
3467
3314
3215
3958
4033
3940
3980
3287
3990
3814
3985
3995
4007
4015
3267
4220
4074
3974
4146
3236
3999
3323
4413
4367
4413
4390
4421
4402
4435
4445
3580
3535
4437
4153
4093
4095
4023
4041
4056
4052
4037
4102
4090
4139
4183
4233
4203
4293
4231
3476
4112
3438
4097
4137
4155
4173
4171
4369
4171
4144
4135
4104
4163
4227
4161
4158
4122
3900
4058
4005
3984
3977
3985
4030
4075
4093
4125
4130
4130
4210
4121
4109
4112
4284
4161
4185
4166
4154
4133
4140
4134
4631
4128
4151
4210
4209
4022
4153
4155
4156
4172
4196
4151
4125
4071
4096
4125
4199
4142
4160
4151
4147
4123
4111
4112
4102
4146
4135
4148
4237
3341
4257
3899
4143
4133
4191
4488
4314
4401
4199
4189
4196
4123
4113
4099
4132
4161
4151
4137
4421
4183
4014
4144
4155
4060
4081
4265
4221
4125
4148
3398
4257
4113
4127
4140
4184
4132
4148
4206
3509
4268
3967
3894
4320
3385
3500
3749
4186
3327
4103
4142
4113
4089
4168
4224
4139
4331
4372
4118
4179
4324
4117
4141
3555
4308
4125
3538
3934
4290
3871
4331
4174
4121
4104
4155
4137
4129
4170
4130
4131
4186
4170
4135
4201
4126
4116
4193
4169
4039
4294
4329
4137
4468
4321
4442
4347
4601
4341
4551
4650
4143
4532
4230
4565
4132
4026
4575
4346
4194
4167
4605
4151
4173
4146
4555
4135
4161
