** CUDA ON ** 
Capture is opened
tipo matrice :CV_8UC3
72922
3076
3024
3013
3070
3637
5719
5945
3009
6004
5653
2958
5644
5603
4551
3774
4459
5038
4273
3535
5217
5043
4478
3038
5885
4007
4675
2768
2664
2689
2666
2668
2720
2853
3176
4919
5065
3462
5293
4917
4682
2564
5748
5464
4791
4827
2946
5256
4667
4820
3099
5678
5474
5355
3198
5370
3943
3193
5589
4684
2861
5708
5322
4991
2883
5545
4936
4779
5022
3070
5636
4909
2566
2822
2675
3136
2655
2666
3069
2717
4065
2584
5798
5224
5201
5066
3725
5379
4780
4887
2617
5540
5175
4888
3012
5368
5708
5117
3272
5172
4738
4695
2578
5813
5099
4589
4735
3348
5484
5728
2595
2669
2811
3583
3266
2664
2630
2656
2703
3717
4296
2837
5326
5086
4730
2714
5451
5412
4975
3704
2935
5692
5447
4826
3158
5526
5307
2586
5917
4669
4764
2617
5685
3646
4673
2650
2698
2711
2848
2678
2625
2662
2577
4692
5019
3666
5084
5068
4721
3157
5166
3870
2720
5475
5362
2844
2673
2623
2619
2586
2705
2767
2626
3194
4657
4842
2823
5492
3559
5354
4698
3095
5199
4239
3139
5228
3636
4645
2907
5377
3644
3537
2823
5733
4650
3758
2743
5492
5309
4579
2661
5772
4614
3563
2784
6246
3688
3671
2629
5486
4602
4618
4105
2912
5200
4598
2779
5292
4642
4310
2653
5814
5033
4681
5145
3299
5288
4521
4943
3144
5307
4526
2893
5235
4032
3023
5211
4712
3165
4599
3516
3105
5299
4200
3084
5242
4595
2961
5426
4870
3101
5205
4509
3001
5235
4397
3179
5439
3746
4548
2812
5236
4647
4651
2885
5707
4856
4162
3099
5379
5035
4265
2766
5427
4775
4591
5138
3083
5882
4707
3221
4603
4022
2733
5345
4627
4620
3083
5789
3803
4649
4557
2646
5121
4602
4629
4730
2797
5610
5272
4655
3222
5291
4963
2771
5159
3838
4324
2881
5105
4585
4484
2746
5437
4862
4955
3506
4541
4634
3720
2764
5128
4489
4556
3960
2738
5107
4640
3665
2880
5246
4726
3399
2989
4683
4178
3203
4893
4472
2652
5451
5139
4564
2635
5248
4488
4625
4950
3030
5006
4695
4882
3538
4523
4254
2661
5127
4627
4310
2736
5356
3544
4210
2846
5185
4576
4633
2868
5865
3618
3921
3523
4119
3521
4476
3886
2799
4559
4581
3765
3151
5276
3963
2722
5407
3896
3439
3610
3756
3669
3471
3997
3988
3457
3967
6634
4312
4340
3454
3971
3909
3501
4538
3702
7171
3664
3913
4394
3011
4496
3465
3735
3277
3572
4146
3617
3402
3082
2992
3276
3914
3545
3692
3805
3009
4211
3578
3837
3214
4428
3432
3467
2990
3647
4155
3010
3030
3047
3133
4407
4014
3633
4267
3878
3689
3399
3523
3534
3448
4463
3336
3003
3077
4332
4088
3112
4487
4401
4027
3321
4439
3753
3035
3863
4009
3001
3249
4257
2984
3620
3799
3075
4786
3530
4796
3014
4479
3581
3460
3459
3649
3753
3526
4101
3598
3665
3143
4424
3666
3002
3273
3274
2988
3301
3111
3088
3032
2996
5156
2985
3234
3222
3602
3505
3255
3903
3558
4390
4519
3777
3696
3682
4841
3934
3079
3268
3373
2990
3587
3279
3644
3728
3308
3299
3663
3495
3693
3415
3426
3650
3894
4288
3924
3548
3813
3449
3693
3351
4826
4357
3732
3330
3848
4416
4483
2985
5174
3686
3018
3024
3358
3553
3398
3764
3572
4208
4417
3445
3491
3512
3223
3545
2987
3379
4032
2968
3406
3559
3485
3640
3489
4448
3439
3461
3002
3494
3529
3601
3400
3564
3089
3589
3458
3611
3603
3585
3714
3446
3651
4388
3952
3531
3236
3644
3442
3789
3144
4697
3151
2987
3606
3524
4233
3764
4307
4069
3219
3317
4219
3285
3425
3366
4411
3638
3631
3352
3437
3320
3604
3114
4392
3602
3368
3485
3641
3547
3913
3009
3895
4365
3103
4360
3689
3515
3718
4366
3463
3561
3734
3618
3460
4428
3495
4085
3548
4213
4308
6111
4105
3637
4201
4128
3497
3525
3934
3437
3903
6723
4265
3922
3526
3804
3342
3105
3022
3160
3018
4386
3786
4361
3467
3654
3188
2981
3044
4824
3423
3737
3230
4454
3451
3506
3608
4461
3670
3647
3380
3677
4504
4571
3739
3505
3463
3636
3965
3005
3441
3622
3806
3034
3208
3791
3626
3819
4677
4224
3037
3959
3303
3863
4383
4504
3039
5759
3596
3505
3130
3657
3238
3584
3661
3318
3682
3792
3824
3518
4014
3324
3820
3289
3311
3001
4491
4217
3523
3059
4716
4392
4117
3290
3519
3678
3563
3306
3519
3602
3392
3986
3068
3595
3354
3248
2987
3040
3226
3716
4456
3459
3123
5395
4047
3307
3781
3260
3604
3299
3740
3302
3016
3791
3668
3779
4387
3943
3307
3310
3092
3040
3516
3177
4269
3045
3333
3062
3344
3707
4435
3604
3600
4024
4399
3386
4967
3505
3606
3150
4560
4414
4612
3003
5663
3449
3848
3272
3428
3618
4475
3075
4677
2983
3366
3561
3506
3539
4533
3871
3697
3730
3492
3863
3504
3657
3101
4510
3418
3888
3280
4673
3014
3601
3203
4428
3377
3669
3625
3449
3176
4107
3383
3560
3034
3948
4078
4365
4135
3029
3521
3475
3525
3319
3554
3495
3467
3647
3133
4085
4862
3477
2990
3606
3705
3334
3044
3987
3190
4424
3258
2981
3222
3622
4106
3496
3002
5559
3421
3746
3269
3489
3586
3404
3506
3263
3078
3029
3173
3451
3636
3382
3914
3595
4017
3266
3916
3654
4619
3526
3464
3434
4065
3314
4075
3011
3498
3726
3600
4058
3546
3546
3252
3838
3427
3489
3231
4613
3606
3253
3384
3618
3742
3574
3945
4331
3759
2991
3683
3544
3660
3640
4378
3698
3947
3613
4303
3029
2989
3588
3002
3261
3077
3008
3152
3445
3524
3795
3267
2990
3712
3003
3553
3349
3564
3573
3061
3430
3863
3651
3607
3502
4452
4659
3456
4411
3312
4465
4357
3716
3112
3467
3527
3985
3795
3528
4688
3851
3687
4351
4176
3942
3562
3772
3346
4563
4321
4032
3298
4215
3531
3604
3192
4335
4375
3719
3225
3440
3520
4631
3926
3708
3016
3945
3874
4098
4367
4696
3341
3289
3850
3203
3738
3278
3756
3854
3610
3583
3179
3484
3656
3700
3480
3716
3597
3754
3867
4338
3976
4246
3633
3463
3594
3096
3606
3437
4552
3251
4368
3751
3608
3471
5112
3306
2978
3077
3290
2989
3196
3714
2980
3465
3585
3491
3675
3430
3419
3834
3279
2982
3596
2991
3131
3300
3446
3036
3022
3001
3312
4020
2977
3485
3054
4483
3716
4065
3001
3494
2981
3280
3063
3596
3586
3462
3665
3442
3348
3537
3456
3708
3235
3695
3762
4084
3391
4398
4455
3526
3754
3920
3013
3300
3854
3332
3609
3069
3907
3297
3302
3001
3064
3044
3277
3538
3602
3406
3998
4201
3618
3160
4216
3564
2996
3398
3561
3283
3121
4015
3866
3694
3597
3449
3482
3853
3739
3502
3493
5192
3950
3557
7017
3533
4372
3526
3542
3732
4145
4016
3532
3628
4906
5087
3483
3450
4380
3099
3012
3811
3006
3003
3286
3466
3306
3266
3349
3319
3076
3035
3452
3024
3481
3446
4246
3540
3528
4295
4955
3452
7002
3446
3492
3519
4269
3842
3986
3824
3457
4308
6492
3672
3494
4350
4075
3523
3931
4108
4065
7300
4086
3491
4032
3912
3934
3517
4247
4263
3489
3592
3515
3566
6433
5972
3459
3525
3907
4238
3454
3584
4435
3585
4068
6470
4528
3711
2982
2914
4351
3207
3570
3682
3135
3636
3218
4638
3478
3512
4085
3826
3470
4369
3505
3887
4035
6171
4966
3494
4497
3680
3512
3555
4621
4422
6413
4895
3933
3743
4326
3916
3708
6793
3527
3914
3443
3542
4287
3646
3996
3524
4672
4404
6225
4036
3994
3915
4229
3722
3674
3968
7244
3654
4069
3491
3514
3959
4157
3969
3554
3514
4190
4457
6211
3809
3973
3826
3541
4079
4025
3936
3735
4341
6278
3437
3484
4179
3740
3975
3717
4575
3618
4723
3545
4084
3348
3105
4102
3044
3004
2992
3538
3268
3501
3405
3898
3691
3827
3339
4483
3752
3616
3092
4417
3559
4053
3456
3488
3036
3330
3489
3809
3504
3355
3670
3549
3752
3810
3478
3760
3259
3471
3554
3269
3907
3498
3714
4114
4866
3160
3442
3223
4270
2994
3356
3392
3454
3508
3598
3677
4189
4226
4414
3187
3455
3659
3154
3641
3108
3053
4877
3432
4233
3305
3916
2994
3001
3498
3659
3200
4075
3444
3822
3503
3631
3871
3560
3796
3298
3960
3440
3756
2984
4432
3534
3575
3297
3540
2997
3280
3308
3450
2992
3146
3776
3454
3507
4399
3968
3807
6598
4190
4627
3749
3446
3497
3794
3514
3628
2815
3099
2809
2769
3441
3658
3613
3146
3554
4215
4729
2986
4385
4656
4222
3261
4491
3553
4447
3450
4682
3793
4512
3589
4464
3484
3689
3230
4481
4607
3056
4442
2934
4171
3330
4574
4267
3935
3244
5337
3458
4448
3375
5040
2944
2932
3457
3747
3591
4125
3595
4504
3652
4466
3244
4492
3473
4135
3713
3435
4171
4459
4529
3346
4503
5031
2967
5739
3696
3768
2913
3753
3542
4047
3253
4663
2928
2892
3672
2970
5619
3187
2932
3331
3259
3650
3359
4291
3564
3392
4020
3413
4719
4438
4806
2960
5568
4432
4420
3039
5471
4457
4590
2968
4633
3568
4603
3067
4439
2970
3320
2963
4332
3132
3476
3690
3587
3357
2928
4458
3710
4291
3192
4409
4460
4746
3088
5365
3053
4553
2956
5154
4422
4507
2951
4911
4188
4503
2976
4797
3499
3783
3494
4489
4429
2922
4040
3330
5191
3498
3974
3578
4402
3189
2955
3179
4435
3490
4084
3640
4404
3203
3898
4204
3692
3909
3768
4258
3951
3869
3335
5125
4684
4320
3832
3705
4556
2959
5474
3489
4133
4964
2913
4734
4433
4516
2954
4870
3540
3255
3579
3237
2941
3368
2944
3156
3046
4432
3456
3551
3709
5240
3204
3054
3533
3342
3662
2939
4522
3155
4112
3119
4574
3515
3477
3321
5240
3479
4379
3330
4158
4403
4046
3375
4483
2967
2970
3045
5125
3575
4542
3587
4409
4156
4686
3775
3549
3707
3775
4330
4216
4204
3162
4498
3770
4557
3186
5613
3798
3927
3615
4533
3525
3572
4407
3827
3534
3574
3942
6881
3443
3607
3459
4177
3514
3966
6725
3860
3820
6770
2666
5573
4640
4401
4709
2879
5228
3956
3146
4032
3531
3406
3339
3325
3122
3339
3649
3622
3654
3822
3783
3463
3660
3456
3539
4236
3637
3898
3467
3967
3553
3515
3489
4014
3579
3442
3473
5102
3486
3514
3503
6539
4141
3530
3785
3901
3994
3448
3529
6935
3810
4302
3789
4036
3536
3492
3835
3582
3534
3448
4155
4163
3487
3558
6564
3989
3729
3566
3878
3037
3370
3092
3212
3427
3084
3046
3116
3771
3059
3569
3341
3615
3152
3586
3989
2980
3458
3030
4750
3429
3520
3154
3539
3513
4233
3581
4092
3386
3257
4067
3574
4313
4312
3586
3605
3592
3351
4426
2959
3890
3651
