** CUDA ON ** 
Capture is opened
tipo matrice :CV_8UC3
10390
3681
3380
4315
3918
3901
3206
3220
6655
3236
3495
3355
5805
3229
3222
3305
3393
3440
5663
3243
3225
3203
3232
3637
3411
3770
3254
3890
3236
3222
3284
3211
3235
3202
3247
3317
3582
3636
2933
2944
2925
2942
3596
2925
3254
6169
3005
2933
2930
4071
2959
2960
3089
5761
2931
3594
2946
2940
3000
2934
4014
2950
3114
5645
2959
2942
3381
7297
3516
3214
3596
3074
5597
2915
2966
2949
3393
2934
3152
2959
3448
6123
2961
2941
2933
3795
3129
2935
3033
5629
4685
3172
3261
2937
2926
3187
3013
2929
2945
2920
2955
3391
6281
5084
4312
4103
4407
4434
4043
3959
3492
3895
3501
3512
3598
3511
3495
3835
3495
3523
3526
3505
3516
3687
3517
3520
3998
4247
3778
4268
3815
3527
3481
3518
3615
6548
3480
3498
3507
6040
3656
3542
3626
3536
3656
3945
3528
3494
3481
3501
3498
3489
3536
3480
3517
6202
3497
3528
3983
4160
3565
3956
4136
3922
4012
3716
4134
3537
3497
3552
3505
3493
3553
3542
3508
6273
3490
3521
6161
3557
3519
3517
3517
3508
3517
3561
3515
3556
3514
3515
3844
3261
3083
3236
3543
3448
3498
6076
2975
2933
2960
2952
3397
2928
2937
2929
3446
5870
2979
2946
2946
2928
2944
3808
2936
3022
2948
3027
5455
2950
2937
2956
3899
3033
2929
2950
5457
2932
2973
3279
2922
2928
2938
2930
2942
3664
5851
4745
4162
3590
3027
2928
2951
2930
2940
3401
6475
3010
2938
2999
2930
3422
2931
2978
3013
2941
3838
3766
3104
2919
2956
2950
2942
2935
4181
3045
5534
2932
3088
2953
3380
3044
2937
2940
3243
3097
3688
6441
3054
2923
2940
2932
4000
2942
3132
5745
3386
2924
2950
2928
3050
3110
3023
2938
2933
2961
6593
3934
3322
2938
2930
2955
3110
3737
2924
2975
3273
5537
2980
2948
3857
2941
2941
2938
2944
4141
2952
6036
2927
2933
2951
3423
2982
3106
5874
2944
2936
4025
3091
2923
2941
4082
2943
5455
2952
2951
2956
2951
3292
2926
2969
3115
2951
3261
2924
2933
3520
2936
2931
2927
2972
3841
2926
3145
5907
2956
2923
4053
2955
2955
2925
2931
3334
6019
2971
2927
2978
2951
3822
3065
5863
3419
2929
2955
2932
2949
3532
5545
2968
2939
2930
2952
2938
3589
2939
5852
2931
2917
2946
3821
3006
2996
6196
2938
2968
2937
3778
2933
2942
2937
2943
3436
2930
5540
3053
2929
2923
2947
2976
2946
3544
2924
3019
2949
2934
3265
3932
10547
9336
3830
3367
6323
6132
2937
3006
3680
2963
2960
3002
4229
2942
3198
5665
2929
3244
2979
2941
2926
2924
3377
5785
3073
3434
2928
2931
2926
3067
2942
3208
5629
2952
2925
2969
2950
3376
2915
2936
2935
3346
6259
2933
3971
2926
2946
2954
3540
3040
2930
2934
3115
5710
2926
2958
3500
2961
3000
2979
3083
2944
3228
5826
2926
2946
2957
2986
3250
3050
2977
2960
3234
3032
3219
5573
2963
2928
2938
2939
3375
2936
2929
2942
3109
6232
3524
5092
4137
3550
6804
3254
3095
3092
3853
3172
3239
3084
3100
3008
2990
3553
3368
3091
5717
2953
2931
3025
3206
3486
5590
2965
2947
2954
2947
3688
2933
2952
2971
5498
2932
3671
3102
2936
2976
2953
3578
2935
5489
2934
2948
2955
2948
2951
3557
2942
3123
2929
2946
3320
3823
3895
2982
2925
2931
2931
4029
2950
5515
2956
2939
2953
3834
3068
2995
3204
2980
6357
3410
3276
2937
2976
2942
3939
2979
2933
3245
5942
2939
3905
3003
2948
2926
2939
2942
4080
3210
3407
2934
2944
2921
2948
3004
2957
3369
2934
2935
5469
2933
2937
3980
2949
3001
2937
3108
3001
2937
2938
2934
2935
3451
5973
2969
2950
2927
2936
3615
3053
2936
2929
6005
3009
3411
2968
2940
2929
2956
2932
3856
3284
5817
2944
2914
2953
2937
3294
2951
2951
3070
5799
2954
3764
2938
2937
2954
2944
3576
2951
2954
3136
5797
4071
6019
2983
2954
3780
3018
2937
2938
3120
5505
2957
2928
3537
2944
2940
2981
3249
2991
2951
3345
5979
2981
2937
2946
3301
5377
4290
3262
3223
3107
3522
5745
3094
3080
3171
3196
3279
3082
6453
3077
2996
2995
3001
2996
4112
3066
5506
2931
2962
2933
2938
3406
2957
2935
2953
2950
2925
2967
2943
2935
3251
3023
2925
2942
2933
2927
6342
3181
3398
2930
2971
2949
2940
4090
2955
2936
2927
2937
3408
5813
2953
2954
2923
3144
3004
2945
2946
2943
5498
3336
3724
2940
2957
2963
2940
3450
2931
2975
3291
5970
2927
3806
2986
4031
3188
2980
2926
2925
3083
2940
2934
2944
3140
2995
3121
5851
2948
2973
2948
3604
2951
2957
2953
2932
2947
3357
5713
3276
2961
2935
3309
3202
2977
3034
5499
2943
2995
2930
3448
2938
2956
2939
5621
2933
2939
3575
2929
2975
2942
2937
3008
6056
2965
3149
2935
2942
2939
2949
4195
2946
6387
2953
2933
2930
3232
3071
2934
3740
3029
5562
3322
3007
2937
2932
3299
2965
2938
2936
2931
3318
3838
3811
3013
2955
2933
2945
2953
3484
5516
2969
2931
2939
2958
2939
3721
2931
2972
2949
3775
2978
6081
3168
2935
2954
2951
3945
3090
5473
2944
2967
2939
3674
2940
2934
2938
3351
2984
5743
2934
3007
2975
3223
2932
3135
5500
2942
2950
2997
3464
2948
2932
2962
3148
3014
3053
5458
2940
2941
2958
3460
3046
2939
2953
2935
2929
6101
3299
2984
3169
2926
2929
3106
2934
5468
3139
3549
2937
2930
2968
2926
4093
2935
2934
3110
5489
2982
3492
2945
2949
2929
2952
2962
3392
2949
3075
5519
2943
2930
2929
3572
2948
2953
2953
2940
2932
3224
3265
6053
2948
2933
2929
2963
3898
3125
5500
2929
2967
2928
3585
2981
2931
2927
2940
3339
3165
2962
4121
2944
3015
2993
2959
5632
3320
3009
2923
2930
4084
2936
3043
2928
2943
2968
2940
2945
3245
2954
6082
2940
3026
2946
3359
3020
3095
3170
3116
4272
3071
3516
2959
5421
3522
2936
2940
2959
2948
3848
2938
3217
5799
2946
2937
2984
2988
3019
2962
2957
2948
5472
2931
2930
3423
2992
2962
2971
5576
2988
2981
2951
3362
3021
2935
3077
5750
3049
2934
2950
3302
2964
2941
2970
6119
3374
2983
2944
2935
2927
2941
3959
3114
2937
2932
5643
2931
2960
3335
2967
2941
2942
3294
3251
3407
2980
2948
2931
2939
3296
2932
3122
5678
2955
2939
3420
2924
2950
2934
2949
3939
2944
2932
3047
3182
3109
5802
3088
2928
3068
2959
3158
3037
6100
2958
2941
2938
3312
2940
2942
2982
2931
6576
4155
3101
2943
2972
2927
2935
4175
3003
5463
2981
2962
2938
2956
3351
2964
3123
5679
2935
3276
2976
2930
2921
3047
2939
3388
2977
2944
2946
2954
3304
6250
3018
3260
3001
3230
2933
2944
2950
2945
5512
2932
3565
2926
3042
2928
2947
2955
2971
6324
3921
3035
2991
2934
2926
2949
3147
3029
3119
6212
2945
2948
2949
4096
2992
2947
2967
2923
5699
2950
2967
3481
2947
2936
2964
2941
2993
3295
5786
2923
2947
2947
3092
2978
2944
2945
2954
2938
3598
2991
2979
3131
2943
3047
2932
3702
3330
3249
2956
2954
3044
3557
2944
2920
2954
2963
3094
4017
3824
2943
2940
2945
2940
3874
2938
3138
2966
3625
5971
2987
2940
2935
2931
2977
3576
2960
2928
3322
5663
2934
2934
4109
2960
2942
2930
3073
3075
2943
2945
2927
2943
3516
5528
2997
2926
2938
3117
2937
3783
3015
2946
2942
2962
2932
6469
3831
2995
2948
2957
2932
2969
3859
2952
2931
3108
2945
2929
3916
2926
2937
2932
2970
3374
2934
3104
5649
2961
2941
2935
3296
2937
2962
2959
2945
3893
2956
5824
2939
2935
2969
3800
2930
2939
2922
3276
3021
6007
2941
2940
2934
3282
2976
2936
3024
3497
2975
3027
3803
3443
3055
2919
3111
2938
3590
2951
2931
3661
6079
2946
2935
2938
2949
3209
2946
5475
3323
2991
2968
2935
3270
4226
2948
5713
2931
2929
2948
3987
2964
2943
3000
2936
2973
3424
2969
2931
2950
2959
3433
2943
2943
2944
3256
2977
2946
2935
2970
2939
3221
2942
2935
3066
3308
2936
2939
3490
2955
2928
2948
3478
3376
2949
2951
5469
2940
2935
2942
3543
2927
2941
3051
6016
2933
3258
2944
2941
2937
2935
3283
2942
5475
2936
2978
2934
3065
2951
2951
2940
2947
3242
2931
2953
2933
3252
3081
2946
3227
2980
2939
2951
2945
5481
3471
3572
3233
2935
2926
2927
2927
3992
3068
5685
3309
3254
8985
3424
5567
2946
2934
2954
3261
2937
2941
2928
2942
5872
2927
2948
2989
2999
2931
2971
2938
3332
2968
3116
5639
2938
2959
3407
2943
2951
2961
2946
3533
5799
3024
2933
2955
2931
3777
2953
2944
2955
2935
3290
5672
3015
2957
2940
2942
2950
3932
2946
2941
2941
6274
3925
3037
2928
2927
2936
2954
3110
2934
2933
2933
2942
2983
5624
2944
2947
2939
3665
3058
3343
3314
2941
2932
3811
2936
3137
2945
3455
2968
3330
2950
2952
4023
3041
2952
2941
2929
5765
2938
3633
2959
2969
2950
3187
2978
2933
3016
3232
3109
5745
2957
2923
2946
4082
3055
3178
3089
3092
4298
2933
6118
2929
2924
2954
3303
2929
2946
3079
5944
3433
2985
2931
2956
2945
2951
3117
3026
2945
3209
5778
2950
2939
3963
3112
2988
2926
2958
3293
5984
2984
2952
2938
2953
2940
3427
3045
5485
2936
2926
2957
3582
2933
2959
2937
5714
2959
3419
2962
2949
2930
2946
3374
5523
3032
2935
2931
2942
2941
3832
2951
5726
2949
2944
2930
3449
3000
2946
2973
3124
5855
2979
3523
2957
2937
2932
2937
3185
2932
2959
2949
2959
3511
3011
5883
2953
2960
2938
2959
3218
2928
2938
3045
2932
3431
5557
2958
2967
2935
2934
2942
3349
2935
3372
5661
2999
2951
2936
3117
3335
2939
2949
3023
2971
3063
2944
3025
2952
2926
2976
3053
5859
2953
2940
2982
2946
3588
2950
2938
3146
5774
2932
3121
3036
2932
2942
2942
2921
6491
3944
3224
2962
2925
2939
2938
3139
3044
5973
2936
2938
2964
4090
2933
2930
2939
3110
3033
5489
2937
2942
2940
2936
3346
2939
2960
2950
2970
3117
3512
3025
2941
2970
3040
2953
3854
2953
3090
2930
4015
3551
3323
2994
2986
2991
2976
4122
3205
5553
3006
2927
2952
2948
3278
2927
2933
2935
2929
2932
3754
2971
5822
2912
2934
2922
3158
3081
2937
2922
2963
5871
2940
2957
3311
2952
2941
2934
3666
2989
3164
6339
3074
2958
2935
2948
3485
3084
2930
2931
2942
2965
3592
5698
3024
2957
2929
2946
3329
2937
2933
2934
2937
3588
2978
5464
2931
2933
2951
2960
3771
2954
5703
2936
2938
2946
3873
2960
2929
2943
2944
3249
6257
2950
2944
2973
2926
3231
3060
2926
2946
2922
2944
3308
2963
