** CUDA OFF ** 
Capture is opened
tipo matrice :CV_8UC3
13722
8441
9202
8436
8550
8415
11268
8556
8373
9678
8604
8278
8182
9969
9013
8214
7922
8256
8280
7318
7238
7487
7891
8368
9590
9740
10034
7930
7317
8106
8212
7942
7639
7869
7321
7878
8023
7889
7349
8228
8452
8041
7263
7232
7385
8137
8344
7622
8731
10725
7480
7795
7758
10011
7688
8475
9028
7747
8724
7938
9801
8464
7294
7855
8774
8214
7327
7251
7663
7329
8288
8290
7601
7449
8495
7771
7301
7291
7301
7286
7390
7530
8188
7707
7553
7243
8495
7250
8725
8014
8047
8297
7507
7523
7442
7249
8292
8302
10800
11978
8129
8022
7789
7556
8257
8373
8403
7239
8055
7275
8001
8037
8053
7300
8047
7250
8347
8047
7317
8094
8169
7319
8185
8202
7526
8311
7698
7853
7704
7775
8202
7354
7737
25634
23237
10234
8992
7826
7758
7765
7385
7407
7906
7846
7651
7336
8517
7758
8052
8056
8542
7425
7724
7721
7318
7425
7753
7430
7416
7876
8148
7714
7945
8308
8902
8525
7735
7853
8234
8283
8147
7893
7278
9056
8289
9326
7916
7764
8039
8627
7812
9055
8545
8289
8430
9021
8067
7349
8515
8423
9912
10143
7591
7336
8055
11275
10821
8311
8793
7385
8527
9453
8274
8249
8123
8311
8052
8976
7955
8181
7348
7959
10814
9445
7908
8508
10972
7928
8243
8029
9561
8836
10019
8842
9252
7364
7890
8001
8806
9551
9224
8442
8321
7380
7803
8198
8103
9297
8379
8094
8301
7958
7383
8130
8190
8503
8466
12170
7871
8188
8442
7371
8643
8197
10077
9288
8605
10651
8714
8536
8448
7412
8143
7811
8471
9561
8490
7922
7771
8200
7543
8147
8586
8036
11261
7751
7620
8078
8333
7678
8108
8062
8468
9635
9051
8241
7797
7263
7344
8119
8471
7460
7359
8054
9381
11681
8591
7289
8340
7287
7853
8045
7596
8044
7848
8029
8098
7988
8341
7445
7755
8031
7343
8016
7917
8100
8748
8075
8097
7246
7730
7840
8058
8011
8896
8315
8109
8174
8452
8096
8075
8527
8172
8186
8089
7574
8158
9186
8323
8802
9380
7241
8915
8795
8312
8361
8102
10377
8440
8200
8438
7527
8056
9027
8189
8578
9702
8506
8538
7661
7364
7600
7321
8398
8124
8164
9082
9877
8197
7791
27836
28546
16955
9366
8876
10061
7756
8190
8213
8405
8284
8085
8085
7457
7976
8173
8173
7464
8159
8172
8048
8205
8652
9408
11223
7273
7255
7336
8264
8256
8041
8271
8040
8032
7910
7355
8061
7806
7337
7879
7355
7560
7976
8012
7995
8052
8009
8016
7937
7420
7316
7311
7334
7620
7340
7370
8023
7360
7937
7333
8516
8376
7390
7269
7323
8151
7600
8044
8093
7317
7387
8205
7722
8032
7263
8046
8482
7964
7264
7885
7936
7450
7432
8126
7736
8213
7823
7959
8216
7254
8045
7295
7768
7355
7368
9702
7711
8087
7295
9542
7377
8255
8015
7304
7652
8109
7784
7338
8088
8058
8033
8356
8038
7874
9410
7311
8005
8642
8382
8216
8449
7794
8159
8330
7417
9644
11074
8086
8424
8075
8258
7541
8067
8044
8030
7261
7310
7386
7382
8266
7912
8239
8384
7560
7529
8054
8049
8179
7330
7233
7303
7820
8065
7906
7485
7410
8381
8410
7298
7952
7532
8042
7994
8199
8003
8035
8031
8034
7251
7337
7352
7328
9919
8082
7933
7332
8203
8248
8018
8044
7766
8043
7941
7665
7910
8180
7361
7743
7705
8029
7689
7250
7510
7567
7291
8169
7356
7372
7810
8062
7519
7429
8077
8036
7262
7603
7707
7801
8051
8049
8068
8055
7736
7779
7782
8241
8071
8073
7686
7235
8042
7405
8303
7817
8048
7240
8590
9702
9706
9563
16650
20225
9079
13875
8004
7428
8268
7991
7341
7852
7790
7550
8162
7839
8034
8156
8024
7262
7799
7288
8054
7608
8116
8057
8128
7233
7407
7427
7372
7368
7981
7985
7677
8041
7755
8757
8494
9276
8924
7643
7364
7735
7356
7624
7277
8559
7395
7461
8189
8052
7482
7610
7996
7286
7761
7397
7327
9335
8362
8376
7987
7364
8193
7500
7255
7296
8514
7421
7253
7928
7905
8045
8048
7974
8031
8020
8184
7310
7785
7624
8049
8186
7837
9383
8082
7863
7441
9432
9780
8048
8070
8076
7865
7813
7295
7859
7878
8225
9879
10318
8059
8006
8024
26816
27036
24788
18083
13328
13544
13091
13564
12256
12240
12354
14125
13033
12258
13024
13983
13535
12253
13571
13546
14051
12408
13583
12369
14368
12264
12485
13596
13801
13571
12637
12293
12240
13056
13088
12310
13243
13577
12406
13172
12380
12255
15668
14202
12227
12376
13370
13410
12308
12283
13566
13560
13220
12350
12446
13341
13382
13074
12252
14052
14044
13426
12972
13160
13116
12560
13298
13818
12444
12798
12359
12722
14171
17207
14701
13984
8317
9213
9095
9021
8738
8471
9049
9028
9047
9439
9062
8305
8372
8336
8315
9245
8371
8311
9129
8714
9315
8579
9341
9014
10185
8998
8311
8288
8280
9401
9332
8995
8663
9311
9053
8428
9274
8359
9768
9299
9266
9652
9313
9310
8901
9328
9338
8814
9325
8822
9378
9219
8996
9014
8974
8930
8996
8994
9000
8994
8419
9204
9249
8991
8825
9225
9310
9268
9211
9187
9196
9206
9220
9290
9237
9186
9232
9225
9186
9214
9217
9336
8838
8827
9355
8905
9323
8236
9078
8289
9271
8279
11726
9594
8350
9083
9035
8791
8178
8254
10609
9050
9063
8806
9100
9080
8777
8442
8806
8267
9034
9054
9061
8567
9035
8437
8212
8134
9059
8422
8478
8488
9051
8505
8439
8555
9066
8623
9361
9151
9083
8940
8872
8244
9286
9143
8318
9324
9163
8398
9108
8626
9571
9075
9741
9439
8988
9115
8996
9015
8974
9066
8344
8287
8464
9174
9588
9816
9243
8248
8324
8246
9233
10703
8306
9097
8902
9230
8580
9253
8848
8793
9221
9166
9622
9827
8255
9204
8827
9054
9257
9066
8985
9188
9040
9038
9010
9125
9360
11190
12244
10099
9032
8156
9040
8340
9035
8128
8141
8851
8174
9074
9048
8843
8263
8559
8289
8881
9307
9011
8275
8564
8251
9735
9104
8882
9043
9965
8266
9192
9035
9887
8849
9024
9312
9094
8248
9286
10137
8299
9280
8290
10045
8366
9571
8966
9326
9236
10674
8849
9333
8283
8269
9331
9318
10412
9063
8849
8258
8259
8728
8506
8875
9012
8460
9333
8279
10432
8682
8643
8903
8396
9042
9076
8736
9016
9003
9626
8666
9321
9527
8335
8359
8149
8375
9039
9139
9232
9499
9067
9670
9165
9069
9193
9180
9770
11175
18599
8123
9047
8163
8191
9332
9101
8650
9021
8877
9546
9043
9050
9122
8761
8250
8279
9013
8970
8803
8828
9234
9364
9059
9043
9112
9261
9068
9013
9029
9044
8864
9023
9049
9182
9350
8838
9311
9226
9407
8839
9281
9366
9198
9516
9579
9002
8894
9555
9005
8834
9307
8810
9286
9116
8939
8948
9022
9008
9034
9138
8942
9036
9020
8993
9127
8937
8939
8265
8949
8968
8808
9029
8297
8239
8825
8835
9879
8254
8970
10065
8245
9272
8497
8303
8550
8248
9107
9044
9170
9076
9001
9056
9256
13311
10802
8257
8768
8292
9361
8782
9037
10445
8387
9061
9197
9555
9056
8738
8801
9064
9119
8967
8819
9511
9542
8825
9321
8845
9234
8939
8324
9220
9166
9067
8773
8545
8840
9079
8932
9638
8562
8576
8761
9065
8923
8311
9025
9045
8791
8890
9120
8237
8209
9032
8370
8131
8216
8127
8795
8370
8532
8209
8710
8390
8277
8270
8334
9114
8205
8544
9277
9133
8843
9024
9503
8263
9493
9039
9088
8996
8659
9276
9024
9051
9022
9007
9007
9021
8240
9260
9146
9215
9314
9949
8305
9257
9235
9047
9057
11137
12341
10282
9014
9059
9043
9007
8986
8964
8941
8913
9059
8826
8864
8849
9065
8868
9006
9173
8833
8861
8497
8657
8525
9362
8748
8813
8711
9037
8453
8707
9328
9294
9000
9054
9034
9036
9654
9253
9272
8396
9337
9172
9092
9227
9035
9070
8972
8417
9052
9008
8991
9027
9023
9832
8933
9200
8255
8939
9181
9432
8863
8868
9038
9178
9060
9053
9038
8685
8877
9030
9584
8945
9703
9850
8371
8363
9073
10022
9218
9215
8293
8453
9340
9168
9053
8223
8835
9253
9259
9601
8685
9039
8270
9936
8843
12129
14044
10075
8905
9100
8877
9078
8287
8202
9019
8147
8808
9077
9041
9372
8889
9155
9071
9838
9517
9090
9755
9277
8988
9012
9041
8974
8992
9020
8998
9009
8987
8289
9562
9070
9034
9031
8892
9454
9066
9348
8763
9074
9508
9767
8453
8363
9397
8814
8325
8220
9051
9043
8607
8423
9032
8847
8246
8905
8895
8978
8998
8993
8624
9126
8813
8999
9062
8693
8937
8877
9062
8516
9039
9044
9334
9048
8350
8343
9207
8264
8930
8285
9350
8265
9281
9947
8294
9774
8285
9168
9289
9280
8513
10544
8208
10974
15137
15001
8218
9573
8376
10867
9065
8314
8350
9159
8982
8324
8351
9401
9151
8642
9103
9945
8290
8751
8765
9066
9055
9073
9120
9062
9062
9407
8931
9143
10422
8159
8763
8831
8907
8328
8347
8346
8355
8693
9065
8924
9388
9415
8689
8366
8249
9852
8337
9325
9302
9427
8305
9026
9096
8178
9005
9044
9213
9003
8144
8260
8400
8465
9371
8858
8481
8344
9501
8371
8409
9456
9061
8424
9537
9054
9696
9071
8998
8406
9320
9092
8979
8985
9047
8192
9246
9018
9036
9041
9655
9064
8286
8778
9324
14846
9322
8646
7352
8197
8526
8045
7414
8053
7901
8077
7344
7828
7938
7335
8047
7292
8031
8003
7998
7428
8086
7398
8413
8463
8251
9051
8401
8198
9010
9083
8928
9031
8592
8162
8645
8770
8305
8302
9157
9128
9044
8170
9048
8153
8159
8213
8748
9075
9041
9098
8892
8566
8418
9074
8678
9286
8705
8709
8273
8624
8577
9025
10546
8996
9688
10550
8921
8870
9015
8900
9178
8636
9153
9049
9511
9553
9157
9075
9130
8953
9009
9517
9007
9022
9009
9139
8794
9086
9179
8201
9133
8401
8772
9081
9073
9073
9076
10347
26978
12507
10657
11838
12923
7923
8035
7837
8026
8043
7623
7244
7337
8027
8031
8058
7967
8762
8345
7927
7961
8064
8048
7298
7939
7248
7881
8088
7425
7376
7979
8252
7940
7990
8044
7785
7311
7212
7404
8057
7806
7279
7798
7848
7865
7874
7336
8079
7253
7827
7843
7312
7252
7335
7923
8049
7278
7726
8074
7815
7416
8085
7278
8046
8015
7286
7999
7238
7542
8019
7951
7801
8069
7279
7437
7550
7255
8057
8056
7606
8050
8561
8238
8067
7615
8025
8298
7840
7324
7451
7432
7759
8519
7763
7628
7745
8818
8087
8063
8893
9165
8358
7611
7418
8174
8078
7462
7504
7260
8045
8040
7542
8015
7840
8043
8070
7290
7707
7892
9077
9099
9011
9258
9545
8653
8832
8939
8611
8903
8659
9072
9066
8407
8155
8157
8191
8994
8157
8169
8186
8170
8176
9037
9022
9089
8660
9028
9275
8928
9244
8956
9034
9375
9141
8911
8450
8277
9866
8309
8347
