** CUDA ON ** 
Capture is opened
tipo matrice :CV_8UC3
95857
8808
6200
10053
8067
8776
5526
5257
5122
5943
5360
8078
8380
5544
5852
5837
5344
6591
5537
8249
7639
5136
5212
6620
6279
5150
5307
8186
8304
5096
5470
7089
6435
5113
8247
7069
5376
6388
6412
5614
15659
10996
6040
7111
5517
5168
5549
11928
9655
9451
6416
7090
5596
5627
5537
6336
9986
6757
6900
5518
5479
6126
6571
5930
8252
7851
5567
5667
6658
6570
6107
9457
5547
6535
6199
5169
5996
5859
5456
5225
7612
6416
5574
6443
5401
5417
5053
5785
6306
5615
8751
6295
5025
5396
6569
5900
5020
5396
5430
8078
8064
5561
5612
6848
5280
5831
5133
5186
7968
5705
8111
5561
14636
9088
11977
8491
13008
5954
6677
6026
6003
10169
7532
6598
6397
6022
9560
6024
6187
6011
7559
7272
9493
7229
6691
6004
8931
11047
10860
10652
10295
9886
11899
7108
7131
10667
6890
10535
9465
6860
6847
10877
7643
6890
10703
7152
7432
10143
6985
7821
11484
7204
8489
10604
8282
7842
8913
7831
9967
7505
7093
10191
6924
6852
9385
9324
7543
9295
8393
6895
9781
8910
7160
7025
10077
7752
7499
10527
7793
8329
10660
7976
8536
7724
7357
9492
7231
6984
11931
7101
7060
9228
5014
5070
5496
6305
5984
5031
5028
12168
13310
9972
12400
8518
10121
10826
6545
5977
6629
6038
8065
6201
5972
8507
9357
6210
5999
6770
10661
7143
7303
6409
6087
8750
7827
6003
5956
6563
6974
10298
6447
6172
5965
6107
9437
6015
7464
7306
7353
8806
7137
6922
6011
9057
7071
5957
6153
10064
6632
7043
6420
6038
8528
8582
5993
6113
6187
9869
6188
7598
6893
7823
9279
6282
5957
6617
6021
9592
7231
6520
6358
6438
10108
7322
6024
6000
6550
6826
9785
7169
7312
6988
7023
10476
7211
6047
8581
9310
7195
8014
6659
8838
5534
5512
6270
6037
5481
7914
8127
5490
5218
6618
6011
5248
7785
8125
5489
5527
6081
6118
5508
8459
7157
5228
6082
5608
5046
5268
5358
5389
8088
5126
5938
5569
5015
5381
5079
5365
6154
5695
8310
6461
5034
5047
5882
5953
5062
5028
5430
8593
6215
7499
5071
5039
5327
5957
5029
5034
5148
6274
5403
7917
7224
5413
5029
5002
6100
5070
5011
5046
5052
6248
5679
5527
8795
6728
5368
5228
5487
5778
6502
5546
5353
5616
8634
6988
5453
5967
6025
5346
8025
8179
6034
5295
6208
6026
5399
5251
5368
11481
6014
6274
5872
5604
6265
9135
5406
4992
5332
6228
5383
8858
5792
6671
5056
5234
5461
5153
6063
5012
5315
5025
6507
5629
8615
6483
5247
5010
6387
6198
5377
5107
8083
7905
5332
5159
6217
4993
5083
5843
6039
5408
8403
6089
5290
5647
5769
5475
5052
5024
6172
5519
8121
7224
5364
5058
5290
6123
5949
5224
8391
7225
5272
5314
6068
5885
5475
5280
5501
6329
9105
5565
5318
5013
5136
6556
5777
5070
8232
8095
5286
5016
5095
6270
6135
5382
5413
5010
6231
5371
8274
5996
5025
6125
5973
5004
5054
5059
6442
6039
13136
7036
5649
9179
5752
5064
5120
5186
5396
5645
5339
5710
8370
7339
5047
5462
6446
5901
5038
5188
9098
6334
5596
5490
5454
6190
5034
5360
5052
9090
6113
8150
5368
5024
5314
6596
6109
5058
5160
7810
6206
7141
5438
5051
5577
5015
5313
6029
5358
5089
5368
8105
7359
6157
6089
5229
5023
5299
6191
5954
5070
8099
7201
5063
6429
6160
5212
5169
5193
9157
6230
5946
4991
5029
5314
5825
5054
5120
5304
5029
8533
6060
7135
5020
5063
5015
6046
5187
5024
5062
5064
5858
5880
5042
8299
7290
5072
5041
5140
5029
6029
5145
7713
8169
6175
5015
6284
5041
5024
5031
5699
5123
5052
5048
5055
6103
6116
5335
7850
7134
5028
6052
5914
5186
5045
5507
8851
5926
7935
5263
5022
5295
7263
6537
8728
5606
5444
5216
5428
6529
6054
8155
6191
5257
5217
5228
6147
5903
5388
5037
5419
9352
6120
6765
5454
5289
5470
5301
5857
8523
5861
5868
5004
5303
5283
5582
5775
5359
5418
7826
5311
7492
5752
4997
5050
5291
5390
6450
6291
8291
6051
5381
5109
5292
5310
5980
5575
8144
7143
5366
5039
5259
5302
6552
5624
5322
8106
5267
6573
5306
4997
5038
6168
6025
5010
5019
5311
6199
9029
5683
5034
5268
5085
5049
6284
5672
7555
8152
5009
5205
5060
5011
5385
5049
5079
5365
8544
6511
7584
5668
5084
5476
5434
5906
6326
6417
8284
5983
5413
5455
5310
5363
5746
9627
6661
6176
5024
5188
5455
6264
6221
4978
5436
7859
6290
6974
5076
5184
5389
5150
5660
6139
5381
7972
6742
5282
6179
5908
5364
5384
5342
6150
5922
9131
5778
5048
5523
5372
5341
6108
5532
8139
7205
4987
5590
6414
6038
5047
8049
7602
5578
5043
5982
5430
5381
5071
5412
5743
8595
5666
7191
5010
5415
5037
5241
5913
5247
5358
7857
4996
7543
5115
5299
6216
5453
5051
5308
5011
5302
5185
9161
6287
5329
5032
5058
5526
5678
6262
5043
8376
6524
5064
6359
6383
5031
4998
5064
8707
6155
6290
5044
5317
5027
6011
6000
5432
5019
5310
6457
6447
8608
5381
5065
5122
18822
9355
6690
6501
9226
5556
8913
6524
5903
5104
5028
4988
5319
5945
5902
5034
5146
5081
8354
5763
6198
5017
5055
5049
5156
6095
5071
5009
5038
5485
5060
8437
6065
5060
5480
5893
5039
5015
5018
8851
6132
7975
5464
5006
5022
5104
5134
5928
5009
5004
5091
6609
5118
5204
7593
7600
5043
5355
5746
5270
5052
5193
5195
5610
6288
9209
5590
5203
5241
6161
6186
5059
8587
6734
5355
5019
6403
5329
5072
5058
7900
8159
5071
6308
5636
5005
5030
5171
5006
5803
5089
7581
8279
5070
5840
6198
5014
5183
5070
8540
5922
6462
5397
5030
5229
5870
6259
5025
5019
6127
5764
9334
5406
4994
5166
5053
5933
5606
5043
7785
7898
5014
5017
5293
5588
5890
5039
5071
5013
6228
5107
7688
7680
5278
4987
5726
5061
5372
5383
6136
5073
5341
7922
5036
7547
5450
5409
6329
5835
5796
8411
7116
5135
5340
6149
5329
5056
5395
5014
5727
6058
5022
8249
7524
5030
5448
5025
5029
5415
6172
5118
5018
5413
5038
9285
6022
6625
5145
5053
5018
5535
5368
9274
6160
5908
5015
5289
5400
6479
5150
5319
7520
8181
5011
5292
6318
5292
5052
5445
5381
5379
8647
5947
6755
4994
5054
5427
5489
6190
5108
5411
5374
8702
6402
6179
5371
5029
5029
6271
5432
7617
8375
5694
6435
6286
8121
5846
7740
5718
5315
5035
5036
5712
6191
5066
7620
8350
5353
5132
5518
7675
10265
6154
8331
5081
5013
5010
6234
5305
5061
5061
5090
8229
5792
7229
5051
5305
5016
6385
5471
5254
5323
8154
7347
5064
6320
5416
5012
5237
5051
5063
5959
5760
5054
5338
7965
5168
6210
5056
5028
5069
6396
6048
8270
7277
5225
5074
5933
6138
5323
5310
7843
5572
7350
5345
5044
5002
5429
5213
9023
6118
7062
5340
5034
5058
5637
5347
5928
5174
8472
6384
5001
6094
5955
5049
5061
5032
5068
5298
6120
5016
7682
7489
5306
6211
5440
5053
5197
5422
8327
6032
8019
5040
5440
6091
5207
6088
5321
7914
6355
5219
5040
6124
5036
5242
5251
6321
5391
7679
8148
5009
5029
6220
6048
5196
7520
8089
5006
5884
6047
5068
5139
5045
5914
5113
7546
8147
5041
5816
5955
5043
5071
5063
5943
5008
5211
7637
5980
7765
5451
4989
5058
5065
5528
5818
5055
5154
7909
5469
8116
5491
5417
5026
5379
6362
5667
8718
6340
5376
5000
5836
6222
5442
5055
5379
6425
5700
8294
6441
5340
5344
6286
5726
5377
5270
5122
6222
9164
5459
5027
5456
5858
5853
5015
5307
5405
8368
5755
8037
5621
5050
5042
5227
5617
6092
5045
8223
7458
5476
6519
6100
5052
5436
5490
6312
6272
8492
8051
5109
5398
5009
5612
5796
5006
5038
5321
9064
6002
8504
5303
5277
5305
5377
5317
5147
5967
5179
5019
7744
5598
7315
5656
5056
5368
5371
5020
9426
6446
5676
5335
5517
5053
5813
5439
7615
7441
5513
5029
6200
5054
5013
5016
5012
6008
5827
5091
8272
7355
5059
6164
5824
5036
5066
5205
5816
5060
5289
7850
5071
6000
5307
5544
5819
5020
5421
7467
8208
9036
5070
12828
7692
5907
5986
5233
8635
7693
5657
5012
5014
5064
5024
5015
9533
6042
5780
5040
5443
5062
5274
5272
5144
5061
5110
8550
7774
6272
5461
5478
5298
5419
5400
6193
5393
12718
7484
5882
6462
6326
5905
9674
5210
5601
5233
5318
6553
5288
7974
7576
6184
5145
5096
5477
5120
6424
9793
6059
5658
5928
5131
5029
7628
8209
5063
5016
5941
5167
5012
5038
5030
8359
6244
7420
5049
5307
5511
5025
5350
5946
8200
11135
6161
5424
5637
6074
6074
10017
6423
5024
5909
6576
6195
8105
8160
5846
7024
8444
7154
7041
6524
9211
10847
11184
8637
9630
11213
8390
11517
9226
7849
10571
8421
8941
10357
7516
8563
8325
8913
7225
6923
11089
6910
6872
9398
9726
6860
6813
7408
8543
6865
6889
10248
7965
7063
9867
8110
8765
10923
8656
12003
8813
7392
5657
5054
5052
8788
7604
6545
5371
5076
5024
5164
5774
8319
8189
7411
6024
7434
6098
8495
6655
5791
6141
7020
6557
8799
7629
5689
5740
6968
9909
7036
7132
7007
9230
10488
6136
6352
6266
8546
7623
6674
6257
5775
5746
8721
8766
5841
5924
6368
6564
7955
7353
5532
5275
5165
5901
5343
5665
5016
5110
5342
5038
9609
7061
6063
5059
5296
4996
5400
5233
6063
5767
8441
6449
5398
4994
5386
5269
6436
5188
5510
7544
8265
5224
6150
5470
6123
5126
5446
8032
6111
6211
5256
5639
5026
5246
4997
5710
8548
6131
6566
5369
5021
5296
5313
6037
6175
5235
7757
6615
5358
4997
5477
5315
5019
5266
5101
5576
5737
8326
7708
5334
5257
5029
6015
5262
12251
6490
5158
5104
5061
5477
6036
5012
5026
5518
8955
5863
5434
5273
5389
4989
5257
6147
5459
5053
5041
5391
7964
6228
7129
5162
5365
5314
5055
5586
6658
5665
8123
5528
5313
5472
6066
6189
5377
5370
5596
9460
6500
5715
5274
5024
5048
5762
5126
8139
7645
5023
5265
6360
5296
5010
5285
5447
5162
8553
6664
5533
5041
5057
5312
4986
6125
5366
7904
7852
5356
5036
6555
5401
5056
5035
5155
5644
8383
6014
6292
5031
5046
5261
5760
6251
5467
7590
8087
5014
5464
6316
6492
5706
8723
5403
5016
5029
6482
5404
5072
5035
5176
5678
8501
6052
6282
5021
5149
5046
6251
6006
5021
5075
5206
8590
5839
6668
5008
5422
5054
5211
5450
5262
5018
5856
6171
5161
7660
7219
5027
5684
5949
5334
5040
5093
5149
5419
5979
7936
9320
5588
5069
5136
5019
5206
6273
5718
8114
7206
5176
5137
5094
5008
5766
9103
8448
5973
5738
4995
4991
5000
5010
