** CUDA ON ** 
Capture is opened
tipo matrice :CV_8UC3
8
7
8
8
8
5
7
8
5
8
7
8
5
8
8
5
8
8
8
5
8
5
8
5
8
5
5
8
5
9
5
5
8
8
8
5
8
5
5
7
6
8
5
5
5
8
8
5
5
8
9
5
6
5
5
5
5
7
5
6
5
7
5
8
5
7
5
5
8
5
8
5
6
5
8
6
5
5
5
8
5
8
5
8
8
5
5
18
71
18
25
25
22
15
16
16
16
17
16
17
10
15
17
16
10
16
11
16
12
16
12
17
11
11
17
14
15
10
15
17
11
16
14
16
16
10
16
11
10
16
11
11
11
11
16
17
11
16
10
16
10
11
10
11
11
16
15
11
12
11
16
11
10
10
17
14
16
10
15
11
17
11
16
11
12
10
11
11
16
11
11
10
11
16
11
16
11
12
10
11
18
11
17
10
16
11
11
11
10
11
12
11
11
11
17
11
16
15
23
16
17
16
12
14
8
13
12
13
8
13
13
8
11
8
8
8
7
14
7
8
13
8
14
14
12
9
7
8
8
13
8
8
8
12
12
9
7
9
8
14
13
8
8
13
13
12
8
8
8
7
11
8
8
8
12
8
8
8
8
14
8
8
9
13
8
8
8
8
8
8
9
9
8
7
8
7
10
8
9
7
9
8
9
8
8
9
9
7
12
8
8
8
14
11
13
13
13
8
13
14
12
9
13
13
13
8
9
13
7
9
13
8
13
16
15
19
16
9
9
9
10
11
10
10
10
10
15
19
10
10
19
15
16
20
10
15
15
10
10
10
17
10
16
10
16
16
10
10
10
10
11
10
10
10
15
10
15
15
10
14
10
10
15
16
11
10
16
15
10
10
10
10
15
16
10
14
15
10
21
9
10
10
9
10
10
10
11
10
9
10
10
11
10
16
10
16
16
20
20
14
21
20
13
20
13
20
13
12
14
13
12
20
20
13
12
14
21
14
13
13
20
13
13
13
21
21
20
14
20
19
13
14
20
22
12
21
13
20
13
14
12
20
12
13
12
20
13
13
12
19
19
12
19
20
13
13
20
13
12
13
12
14
20
13
20
20
21
13
13
13
13
21
13
13
20
20
24
13
13
13
20
12
14
13
14
13
21
14
13
13
20
13
13
13
20
13
32
13
20
13
19
13
20
21
14
12
25
25
16
16
16
15
16
24
25
15
16
22
16
25
16
15
16
8
8
16
13
8
13
8
13
9
8
9
13
8
8
8
12
8
8
16
16
8
9
8
13
8
9
8
13
8
8
8
13
8
9
9
12
8
22
8
13
12
9
8
8
13
12
13
13
13
18
20
19
13
20
20
12
20
25
13
20
12
22
12
13
20
13
13
13
13
20
13
21
13
27
13
13
20
20
21
20
13
12
13
19
19
13
13
13
13
13
13
20
20
13
13
14
17
20
20
12
13
13
12
19
12
20
12
19
13
12
12
18
21
20
12
14
13
18
13
19
20
13
20
20
20
13
13
20
13
13
13
13
22
21
13
14
13
13
20
13
13
14
19
22
20
20
13
13
14
12
14
13
20
14
13
20
13
13
14
13
13
13
12
21
21
13
13
19
20
12
13
21
13
13
14
13
13
14
18
13
20
12
21
13
20
12
19
14
18
13
20
12
13
14
13
13
26
14
20
13
20
20
20
13
13
20
20
13
15
14
13
13
20
14
13
14
20
21
21
13
13
13
13
12
21
13
13
13
12
14
21
14
13
13
12
20
13
13
12
21
12
13
14
13
13
20
21
16
13
13
13
13
13
20
13
20
14
20
19
20
13
21
13
13
14
13
13
13
21
13
13
20
12
13
13
13
13
14
13
13
14
20
14
13
21
20
21
20
14
20
20
14
21
13
13
12
14
14
13
13
13
17
13
13
14
13
21
13
13
20
18
13
20
14
13
13
13
13
14
13
21
12
13
14
21
13
14
13
20
21
17
14
13
21
13
20
13
13
21
21
13
18
20
13
20
13
13
20
13
20
13
21
13
14
12
22
13
19
20
19
19
20
12
20
12
13
13
13
14
14
13
14
13
13
14
14
13
20
13
13
13
13
13
20
13
13
19
20
13
21
20
13
12
20
17
13
13
20
21
18
13
20
12
13
12
13
14
13
14
20
20
20
19
13
13
12
21
13
14
20
13
13
19
12
20
13
20
12
14
13
13
13
13
13
12
18
13
13
13
13
19
13
20
13
13
19
20
13
12
21
13
21
20
14
21
13
13
13
14
13
12
13
19
13
13
12
13
13
13
13
13
12
14
77
12
19
19
12
13
13
13
12
13
20
13
13
12
12
19
13
20
21
20
14
12
13
13
19
13
13
13
20
13
20
20
14
13
20
19
13
21
21
13
13
22
13
13
13
21
69
21
20
12
19
20
13
20
20
22
14
14
22
13
14
13
13
20
13
21
19
13
13
13
13
16
17
25
17
23
16
25
17
17
17
32
16
16
16
25
16
25
17
16
23
25
16
17
25
17
32
24
25
25
16
16
23
17
25
25
26
17
16
25
24
16
24
26
16
21
25
17
25
24
16
23
17
16
16
17
16
25
16
24
16
26
17
25
16
23
16
16
16
16
16
25
16
17
25
17
25
25
17
17
24
17
25
25
24
16
25
15
15
16
75
25
17
25
26
16
26
16
26
16
16
25
25
24
24
24
17
17
24
26
20
25
15
24
25
17
23
25
25
24
16
16
25
17
18
16
16
16
24
94
16
25
16
23
25
24
15
24
15
25
24
80
18
16
17
16
16
17
17
17
26
17
25
16
16
16
25
25
16
25
25
16
24
23
25
25
15
25
25
16
16
16
16
15
17
24
25
16
22
16
24
16
16
16
16
25
15
16
16
17
16
25
25
16
31
11
10
17
11
12
11
11
17
17
17
17
12
17
10
17
16
17
17
11
16
11
11
11
11
17
11
11
11
17
11
11
11
10
11
11
11
11
12
11
11
11
11
17
11
17
11
11
17
11
11
18
16
11
11
17
17
19
11
11
11
17
11
18
11
17
17
17
17
11
12
11
17
11
12
11
11
17
11
11
11
12
11
17
18
17
16
17
11
11
11
11
11
11
12
11
17
11
11
11
18
11
11
17
11
11
10
11
12
11
11
11
17
16
17
11
11
10
17
70
11
17
15
17
11
17
11
17
11
11
17
11
11
10
17
11
18
12
11
25
17
29
25
16
8
8
8
8
9
58
8
13
13
13
13
13
12
9
8
13
8
8
13
13
8
9
8
13
19
13
20
13
13
13
21
13
13
14
21
12
13
20
20
13
13
20
13
20
14
20
14
21
13
13
20
21
13
14
20
13
13
20
14
13
19
21
20
13
17
13
13
20
20
13
20
13
13
13
13
13
20
12
13
12
13
20
13
13
20
36
14
21
20
20
13
20
13
20
21
13
19
13
21
13
26
16
16
16
25
16
25
25
25
25
16
31
25
16
16
17
16
24
26
26
25
25
24
15
26
16
17
25
25
17
16
26
25
16
16
25
26
17
16
26
26
16
17
24
25
25
22
16
16
24
16
17
16
23
17
28
26
26
25
24
25
25
16
16
24
15
25
16
17
15
24
26
16
16
15
24
15
16
17
24
16
16
24
16
17
26
17
25
16
24
17
23
16
16
16
25
25
16
16
16
25
17
17
17
16
23
16
16
16
21
24
16
17
17
25
16
16
16
17
25
16
16
25
16
16
16
206
17
16
25
17
16
17
31
16
17
25
26
16
17
16
16
16
24
16
16
16
25
16
16
27
25
16
16
26
16
15
16
17
11
12
11
23
11
11
11
11
17
11
11
19
16
11
11
16
16
11
11
17
20
11
18
11
11
11
18
16
11
11
11
17
11
16
11
12
17
11
11
17
16
17
17
22
11
11
11
24
17
11
11
11
17
11
11
11
11
12
17
18
17
12
11
11
11
17
11
11
11
17
11
11
11
11
12
12
11
18
18
19
11
11
11
11
17
11
12
11
15
11
18
11
17
16
11
10
16
17
17
11
11
11
17
10
10
11
10
11
11
11
11
11
17
10
11
11
17
16
17
11
11
11
18
10
22
10
12
11
12
11
17
12
15
11
17
11
11
15
11
11
