249
582
279
162
231
269
305
298
305
157
317
288
302
295
302
275
239
289
295
307
200
164
298
313
311
311
298
268
301
301
312
299
1039
298
196
1120
174
180
486
311
172
278
161
246
313
303
306
505
300
292
399
277
191
283
286
300
139
272
1598
676
171
222
155
175
159
175
149
158
151
146
169
201
206
448
149
162
146
149
178
150
209
149
2161
153
169
189
155
202
239
317
185
183
163
184
594
173
181
170
188
181
179
178
166
194
436
1470
457
223
188
535
188
177
354
147
157
182
167
185
152
152
1425
153
148
238
154
151
445
154
155
151
156
166
184
142
194
185
186
160
145
176
152
192
185
156
146
148
180
166
177
182
274
558
192
202
159
153
186
160
180
161
187
148
145
146
157
179
178
156
179
202
150
163
165
162
188
811
151
151
1992
162
172
152
163
186
183
178
393
164
148
153
160
149
158
153
159
190
170
202
149
171
147
266
608
605
196
225
175
154
149
155
147
148
150
150
161
278
172
153
151
152
163
146
161
573
154
150
150
187
167
179
160
201
150
169
166
204
153
150
173
161
169
200
154
157
155
182
443
159
192
193
1111
171
175
198
149
154
153
154
152
182
154
177
279
428
207
1353
538
159
191
211
182
170
174
303
303
178
222
171
195
152
150
185
181
180
253
1418
172
182
207
643
150
217
154
159
149
152
143
168
158
152
152
158
235
148
159
156
1209
154
153
161
1074
147
156
201
163
193
242
156
176
146
147
194
177
157
164
172
152
150
202
169
191
200
154
1647
148
146
160
177
147
162
788
166
189
151
149
259
873
151
152
188
150
162
217
179
151
154
185
146
194
162
152
1196
149
166
274
159
155
163
148
184
154
192
185
161
149
172
151
190
151
158
151
157
201
157
242
184
176
186
151
174
152
156
151
148
154
149
1394
160
156
163
163
205
152
152
154
162
182
195
234
162
149
1291
163
150
198
178
182
183
181
151
163
167
182
151
1482
145
181
150
167
160
178
146
148
240
146
165
171
187
150
210
159
184
149
151
152
161
1424
188
152
160
198
144
151
148
186
165
151
155
1451
159
155
155
1467
181
150
1485
163
159
160
171
149
152
193
162
147
615
156
153
555
183
194
151
214
153
150
147
166
149
166
166
152
183
171
151
149
149
151
1255
152
164
160
148
166
1430
149
159
162
164
160
192
156
162
195
203
521
149
184
194
149
203
421
199
202
179
150
161
152
145
200
165
159
186
161
150
158
768
155
667
148
147
148
148
228
154
151
707
618
149
199
255
218
199
159
203
1106
185
162
329
279
193
211
416
306
208
300
176
274
344
151
352
304
336
201
300
168
295
172
317
299
305
180
341
291
291
1395
604
152
173
169
153
147
149
155
173
156
212
186
153
157
166
168
374
402
155
196
192
1526
150
169
207
179
185
198
151
151
156
156
192
226
196
152
154
178
143
188
1106
166
153
163
160
184
180
164
157
154
151
153
555
157
154
152
310
158
152
155
198
149
179
145
164
215
166
175
274
183
628
151
165
155
205
179
574
155
182
194
191
147
158
197
222
169
162
150
183
612
180
157
148
197
1355
171
152
160
149
1312
149
153
155
230
613
153
150
161
262
163
166
176
180
157
153
150
147
228
150
153
184
1462
198
1303
606
170
194
151
151
165
153
189
170
224
152
154
208
173
149
155
148
161
180
