** CUDA OFF ** 
Capture is opened
tipo matrice :CV_8UC3
42905
34094
32364
30090
32647
35721
41296
29254
28853
29258
28723
28446
28446
28002
29019
29224
28921
27780
29885
27794
28223
28158
28066
28113
30161
28590
28033
28408
28384
28846
28300
28058
27956
28757
27771
29793
30440
29616
28886
28686
28322
28664
29070
29093
28501
27823
27809
29868
29699
28223
29074
28273
30454
29576
28386
28264
29423
27821
27920
28229
28832
28612
28626
28804
29799
28783
29595
29694
28432
28183
28573
28584
28900
29214
29572
28824
30019
27832
28921
34728
29095
27938
28626
28155
28231
31307
28931
28257
28071
27968
28730
28189
28100
28195
28840
29642
33971
36683
28017
28378
30041
29122
30842
41570
29023
28225
29884
30911
27724
28657
28806
28265
28863
28031
28791
28697
28578
28329
28676
29086
28748
27979
27941
28728
32005
28463
28873
28784
27940
28121
28795
28044
28243
28305
28703
28755
28392
27877
28301
28012
29475
29292
29183
29110
32562
38210
28352
27922
28711
28975
29403
28634
28145
28260
28368
28107
27728
28705
27964
28186
28102
28397
28411
28668
27810
28440
29439
29345
29211
28529
28609
28366
27938
29443
29346
30239
28058
28650
28575
28266
28380
28571
28679
28701
28487
28664
28226
28288
29271
29296
29036
28261
28394
32583
42114
39957
29239
29534
28882
29377
28896
29192
29021
28012
28575
29079
29350
29411
28679
28141
27882
28257
29215
28046
28464
28633
27985
28274
27961
28413
28377
28075
29678
29531
28529
28116
27752
28166
28603
28270
28106
28307
28408
28564
27992
27839
29017
29584
28134
27982
28622
28923
33050
29957
28203
28378
30077
28729
29537
30649
27820
28547
28140
28514
28209
29045
28174
28689
28011
28004
28208
28468
28513
28264
29142
29811
29098
28795
28469
28473
28638
31024
28732
28949
28430
28570
28391
28395
28057
28598
29158
28795
28126
28020
28145
28031
28209
28305
28185
28111
28437
29997
35721
28395
28205
29500
28807
28489
30188
28313
28609
28785
28389
31373
29304
29412
28660
28394
28292
28241
29069
29030
28316
28403
27958
28805
28252
28204
28961
29414
30822
28146
28623
30696
28554
28810
28025
28042
28393
28623
28014
29912
28676
28619
28250
29102
28046
27992
27741
29860
30589
35554
28983
29185
30575
28037
28576
28666
29735
28220
28373
27967
28153
27971
28063
27948
27827
28420
28436
28293
28331
28097
28429
28037
27846
28341
28702
28521
28394
30354
28268
28457
28354
28547
28218
28218
28021
28241
28830
27732
28308
28680
28700
29195
28641
28509
30553
28006
28310
35275
32346
28416
28333
28595
28350
28391
28214
28546
28736
28537
28967
28137
28359
28337
28308
28338
29238
28743
29575
28745
28239
27928
28062
29020
28807
28864
28220
30956
30306
29205
30300
28070
30661
28340
28398
28143
30455
28532
28055
27695
28379
28785
28262
28427
28748
28508
28504
27911
32911
35997
28498
29050
29953
29489
28983
28218
27812
29193
28304
28279
29167
28713
28518
27842
28063
29159
28390
28766
28201
28475
30410
29315
29498
30015
28594
28074
28087
29499
28727
28990
28593
28588
28473
28371
28231
28455
29228
29573
28510
28698
27998
28796
29397
29511
28995
28585
28572
30416
29114
28206
28297
28470
28961
29525
29139
27935
29649
29540
28802
28151
28618
28860
28645
28307
28689
28728
40282
39433
31440
30119
32168
30456
29281
29883
30339
31133
30572
41570
30736
37923
29968
29940
29894
30639
31338
32135
34760
33011
44022
39703
43780
34224
32560
51883
34898
30968
35184
31031
42186
32926
40824
42428
42637
32484
34285
44413
37747
44509
48712
44289
37744
56029
43029
43568
39453
30267
34666
30178
30781
31280
29802
29650
30948
42351
28362
29119
29345
32119
33076
30927
30913
29782
32531
42818
35404
43377
48224
30607
31505
28769
28341
28671
29633
29399
28159
28571
28215
28521
28780
28363
28901
28711
28630
28629
28459
28466
28627
28679
28890
31293
28923
29656
28808
29010
29390
29002
28498
28557
28752
28668
28840
29966
28723
28798
28651
29047
28980
29024
29225
28953
28329
38506
28917
33433
28744
28934
31781
29448
28528
28671
29257
30975
28854
28703
28137
28775
28604
28747
28340
28024
28603
29062
28366
28863
28258
28709
28988
29778
28209
28709
28678
28752
28612
29157
28677
28595
28642
28808
28856
30392
28775
29097
28422
28018
30562
28731
30971
28118
28246
32884
28844
28392
29530
28610
28758
28677
28735
30183
29755
28841
28378
28235
28652
29063
28486
29068
28234
28873
28693
30304
28641
28320
29051
29537
28709
31960
29408
29118
29867
29253
31592
28263
29988
29677
29498
28819
28666
29053
28422
28722
29071
28177
28385
28551
28574
28468
28505
32534
31770
29671
28685
28131
28733
29129
29178
28492
28259
29405
30777
28553
28220
28465
28319
28647
28868
28433
28955
28749
29180
29180
28952
29188
28337
28194
30242
30015
29256
29109
29260
29714
31404
29466
29179
28370
28762
28768
28905
29546
28655
28808
28703
28429
29086
28969
28988
28453
37752
30101
28180
30076
29880
29940
29606
32937
29755
30375
28941
29782
28088
33727
29939
29244
28657
29695
30033
31007
28733
28183
31716
29871
29012
28709
28146
28737
28753
28276
29722
29350
28494
29449
28480
28285
28306
28588
28948
28840
29791
28377
28786
28517
28762
28546
28903
28870
30193
36004
28693
28817
29484
29560
28659
29410
28806
28109
28659
29241
29325
29038
28594
28649
30215
29485
29329
29014
28630
28348
28737
28550
28313
28502
28900
28785
28124
29784
29421
29597
28809
28453
29344
28596
30136
29320
28369
29032
28960
28625
28858
29070
29281
28208
28328
29138
29163
32095
28537
36065
29355
28778
28492
30633
29772
28323
28477
29267
29828
30613
29053
28325
28619
28531
29385
29197
28612
28208
29557
29248
29117
28579
28683
28567
28914
28838
28665
29484
29082
28959
29302
28717
28455
28097
28875
28905
28433
28509
28479
28591
28341
29861
28787
28656
28372
30498
29695
31715
28930
28887
29485
29888
28571
29074
28118
28349
28775
29268
28622
28613
28964
30168
29337
29363
29193
29073
28319
28426
28706
28646
29042
28496
28080
28640
29244
29432
28889
28295
28610
28665
29017
29558
28311
28585
28436
29167
30679
28305
28625
29086
29043
29352
28299
34903
41797
38460
28670
28806
28853
29107
29161
28830
28970
28963
27949
28737
28632
28478
28463
28851
28983
28963
28333
28713
37276
28663
30903
29724
29015
29101
30443
30496
29232
28798
28585
29310
29491
29319
28065
29376
29736
30250
28775
28192
31463
29199
28851
28569
28136
28601
30148
38832
32384
28911
29535
28347
28579
30351
28426
29723
29316
28780
28135
28768
28906
29138
28814
28959
28715
28737
28391
29053
28609
28467
28426
29121
29678
29165
28720
28945
29909
30546
28739
28454
28869
29220
28949
28936
29389
28477
28659
28379
28503
28894
29766
28533
28786
28249
28302
32350
29225
28443
29423
29596
29379
29269
28832
28406
29416
29179
28376
28378
29407
29297
29501
29002
28498
28452
28542
28597
28563
28903
28307
28065
28509
34607
28475
28972
29011
29007
28416
29217
28970
28710
28168
29046
29367
29572
28327
28827
29812
29399
28813
28701
28614
29774
29328
36597
29255
29217
29492
28556
28497
28619
29007
28570
28594
28463
30852
28482
29470
30219
29086
28512
28399
29226
29354
29482
29225
28771
28889
28426
28932
28584
29015
28040
28885
29984
29455
29728
28830
28153
28663
28659
28634
29170
40518
28674
28354
28414
29669
29311
29283
29479
28272
34510
28776
28425
28527
28287
29439
29749
28812
29208
28242
30054
29086
28996
28588
29352
28567
29972
29633
29110
28353
29167
29139
29568
28997
28455
28399
28927
28748
28453
29295
28278
34404
31561
28447
28226
29081
28506
28914
28782
28850
28241
28198
28479
28875
28631
28378
28433
28534
32224
33390
28880
28230
29002
29291
29764
28965
28689
29167
29313
28666
28551
28331
30616
30536
28211
28352
28807
28913
29762
28405
28233
28892
28902
28567
28468
28559
29017
28427
28590
28833
28516
29325
28766
28405
28719
28728
28396
29525
28291
28314
29597
29385
28801
29231
28496
30760
28972
35192
28301
29582
29283
29201
28441
28783
28825
29004
29559
28582
28325
30310
29070
29375
29078
30546
29222
28973
28447
28424
28872
28974
29386
29672
29035
28098
28642
29141
29079
29496
28699
28574
28533
28436
28644
29506
28524
28517
29126
28674
28999
28405
28310
29251
28935
28877
28749
31771
29347
28741
29101
28600
28237
30572
30226
29195
28722
28207
29946
29832
29559
28861
28901
29702
29295
29758
28626
28314
29355
29206
29617
29754
28767
28425
41736
28334
29161
29000
29124
28344
28452
29190
29200
29036
28592
28408
28465
28792
28380
28498
28559
28929
28303
29100
29770
31440
28706
31088
28954
28842
28567
28524
28491
28242
28852
28383
28621
28948
28811
28412
28479
29523
28333
28581
28759
28716
28841
28504
29642
30108
32611
35931
28509
30618
28696
29210
28573
29480
28770
28442
30442
30092
29057
28835
28662
29794
29778
29853
34759
28200
28941
29229
28964
40692
28670
28628
28408
28671
28695
29334
28302
28869
29172
28886
29071
28832
29498
29269
29125
29053
28423
28615
28659
28810
29168
28258
28286
28625
28622
28621
28254
28503
28142
28957
28774
28775
28441
28515
28260
29417
29529
29516
28937
28788
28177
28373
28924
29065
28755
28219
29804
36309
53129
38625
29099
28569
29096
30026
28627
29230
29258
28244
28904
28916
29058
28477
28767
28713
28972
28398
29197
28638
29256
28184
28424
28523
28957
28762
29109
29008
28576
29804
29253
29081
29531
29605
29017
29124
31101
32030
29939
28971
28817
29463
28666
28811
28657
30288
30770
33432
29407
29515
28926
28597
28275
28496
28749
30399
28377
28330
28551
29004
29156
28416
29167
29012
28851
29483
29769
28618
28078
28222
29221
29090
28709
28665
28237
28909
28550
28689
31533
28551
29608
28932
30879
31017
28471
28603
28521
29166
29735
30104
28944
28467
28746
28999
29196
36141
29437
29000
28881
28252
29691
29524
31045
28356
29018
28915
29118
29782
28913
29359
29160
28695
29700
29071
29265
28637
31184
28578
28863
29084
29082
28449
34790
28880
28552
28979
29301
28178
28553
30634
28881
28769
28838
28088
30022
29473
29204
28317
28417
28470
28424
28660
28623
29923
30517
29739
29289
28278
29236
29185
29583
28576
28251
29148
28547
28844
28448
29080
28668
29150
28330
28639
28551
31083
28095
28269
28347
29055
28628
28513
28288
28578
28227
30246
28780
28798
30477
28336
28539
29627
28882
29212
28501
28684
29208
29065
29123
30431
29583
29169
29343
44104
28828
28360
28644
29534
29431
29443
29330
28004
31707
29592
29075
28395
28350
30812
29021
28550
28605
29704
29184
28587
28742
28571
28203
28472
28252
30216
28979
28598
28551
28858
29718
29182
28701
28895
30662
29267
28588
29863
28749
28647
31074
28757
28725
28473
28068
28881
29149
39773
29958
29179
28597
28138
31111
29069
29229
28724
28225
28691
28641
29277
28575
28914
28801
28943
28738
28945
29117
28731
28513
28694
28730
28615
28281
29757
28997
29096
28570
28723
30601
29800
28700
28488
28300
34610
28560
28668
28468
29259
28329
28500
28758
28512
28614
28837
28762
33602
28203
29125
28898
29137
28330
28413
28932
29373
29461
29604
28316
28166
28550
28628
28726
28241
28530
28536
29765
29388
29660
29203
29428
29290
28946
29335
28674
29289
30410
29738
32013
29973
29854
30139
28759
28291
28974
29022
29413
28948
28175
28481
28529
28553
28417
28968
28975
31077
34675
29463
28421
27957
29409
29755
29795
29408
28552
28365
28318
28675
28644
28858
29121
29460
37247
28486
28428
28390
28698
29172
28547
28287
28780
29311
