** CUDA ON ** 
Capture is opened
tipo matrice :CV_8UC3
18
16
26
17
16
18
17
16
16
19
17
16
16
16
18
18
16
15
16
15
19
20
19
17
19
20
16
15
14
17
15
40
20
18
18
14
20
16
20
20
15
19
18
17
16
19
17
14
20
15
19
17
16
18
18
105
18
18
24
82
18
17
18
17
17
15
18
18
17
17
19
18
19
17
17
19
17
16
17
17
18
16
14
17
16
18
17
18
17
18
18
16
17
16
16
16
16
19
19
18
18
16
19
17
18
18
16
17
17
16
16
17
16
15
18
17
167
15
16
15
17
17
19
18
17
20
15
16
15
19
18
19
16
16
17
17
15
20
17
16
18
17
17
18
18
14
15
17
16
19
16
19
19
16
17
17
16
19
19
17
19
18
17
18
17
16
19
18
17
19
15
17
15
19
17
17
18
18
17
19
19
16
19
16
17
188
21
16
19
20
18
17
19
19
18
17
18
17
22
22
28
17
17
16
19
17
17
18
17
17
19
18
17
17
16
17
17
18
17
15
17
18
17
18
18
18
18
16
17
19
15
19
19
16
18
19
18
19
19
19
19
18
18
19
18
17
17
95
18
16
18
16
17
16
18
15
17
19
16
16
15
17
18
18
17
17
19
17
16
19
18
17
19
19
16
17
15
17
15
19
17
18
17
18
18
18
17
18
16
17
16
16
17
19
19
18
18
151
15
18
18
18
20
17
19
20
17
19
22
17
17
19
19
17
19
18
23
17
20
18
18
19
16
20
17
16
35
17
18
19
20
17
16
16
17
17
19
18
20
17
20
17
18
18
17
20
19
17
16
17
20
18
17
19
17
17
17
17
20
20
18
20
21
17
17
19
18
18
19
17
19
20
18
18
17
17
16
14
19
17
16
17
17
19
17
18
15
19
18
18
17
17
18
19
18
17
15
22
20
19
18
22
19
19
18
16
15
19
17
17
17
21
20
17
20
17
17
18
18
19
15
20
19
17
17
17
27
17
18
17
20
17
18
17
17
15
15
17
17
19
18
19
21
17
16
19
20
16
20
17
17
18
17
18
19
17
17
16
18
18
18
18
17
18
20
19
17
16
20
20
20
18
20
20
19
18
18
17
18
18
18
22
18
17
17
20
16
18
17
17
17
18
16
20
18
17
21
21
19
18
17
19
56
17
17
19
18
17
16
17
17
18
17
17
18
18
16
19
21
18
19
20
17
18
17
18
15
15
15
17
17
20
19
19
21
18
20
20
20
16
19
18
18
20
18
19
17
20
17
19
18
20
18
17
17
17
18
18
18
18
19
17
18
18
19
18
17
17
21
18
18
18
18
20
20
18
21
16
17
19
16
19
18
18
18
19
18
19
20
19
20
20
18
17
17
18
18
18
17
17
17
17
19
18
17
17
19
19
18
18
20
16
18
17
18
20
19
18
18
17
17
18
17
18
16
20
15
18
18
18
18
17
18
16
17
20
19
17
19
20
18
16
20
20
19
21
18
18
17
17
19
18
17
19
18
17
18
18
17
19
17
19
17
18
18
19
18
19
17
18
96
18
18
18
18
19
17
19
18
18
18
18
16
17
18
18
18
21
16
19
18
16
19
19
17
18
17
17
16
18
18
19
19
17
19
18
19
19
20
16
18
19
17
17
18
16
20
16
16
15
19
17
18
17
17
16
20
18
18
17
16
18
20
17
16
18
17
17
16
18
16
19
17
16
17
18
17
17
17
16
17
17
17
16
18
19
18
19
16
20
17
18
14
18
17
17
20
18
19
17
20
18
18
18
16
19
18
18
17
18
19
17
20
20
19
17
22
19
18
17
17
17
17
17
17
17
19
19
18
17
17
17
14
20
18
22
18
21
20
17
18
18
18
18
20
20
18
17
20
20
16
18
17
17
18
18
17
16
17
17
17
18
18
19
19
18
19
17
21
15
20
16
17
17
17
19
19
20
21
20
19
16
16
18
20
17
20
21
18
18
19
20
18
16
18
17
22
18
17
19
16
17
18
19
18
17
17
18
18
19
18
17
18
19
17
17
18
17
17
18
18
21
17
18
19
18
16
17
19
19
19
17
21
17
20
19
17
17
17
19
21
18
17
18
18
18
18
19
17
20
18
17
18
19
19
18
19
18
19
18
15
17
20
17
17
19
18
18
17
15
20
19
18
19
21
17
15
20
17
19
16
18
20
16
21
19
20
21
16
16
17
18
16
18
17
19
93
17
19
17
20
16
17
18
18
43
21
18
22
22
18
19
18
17
21
18
20
18
15
19
20
17
16
20
17
18
19
20
16
17
17
19
17
17
16
17
17
18
17
18
17
18
17
18
19
18
18
18
16
17
17
18
17
18
18
17
17
16
17
20
19
17
18
17
21
17
17
17
17
15
17
19
18
37
19
18
19
19
16
15
20
17
19
19
17
16
17
18
17
16
16
17
21
16
16
17
17
18
18
18
19
17
19
18
18
18
17
17
19
18
18
18
17
17
20
18
20
17
17
18
17
18
17
18
17
18
18
17
18
18
17
17
18
17
18
17
18
17
18
19
18
15
18
19
17
17
18
17
18
18
17
17
18
20
19
17
18
19
17
18
19
18
17
17
19
15
20
106
19
18
18
17
17
18
19
17
18
18
17
145
15
17
19
17
17
18
17
17
20
58
20
18
18
18
17
18
18
17
18
18
18
18
17
14
17
17
18
20
19
18
17
21
19
18
18
20
17
18
20
18
17
20
17
18
18
17
17
17
19
18
21
16
17
16
16
16
17
18
21
22
17
20
19
17
18
18
18
18
15
18
18
17
15
19
18
17
19
17
17
18
19
17
16
16
18
17
18
17
16
19
17
18
17
15
17
18
15
17
17
16
17
17
19
16
15
16
17
17
17
17
18
17
18
17
18
18
18
17
15
17
17
18
19
21
18
18
16
17
17
19
20
17
21
17
18
18
18
18
18
18
17
18
21
16
17
17
18
19
15
17
17
17
19
18
18
19
15
17
17
14
17
16
18
20
17
17
18
19
17
17
15
15
15
16
21
17
19
18
18
18
17
17
17
17
17
19
19
19
15
17
18
17
19
25
18
18
22
20
17
17
20
17
18
20
18
17
16
18
19
19
17
16
20
18
19
19
19
17
19
18
19
17
20
19
18
20
19
20
19
18
17
18
15
17
19
16
19
19
20
19
20
17
17
18
18
17
17
17
21
18
19
18
15
18
19
20
16
18
18
17
17
19
15
16
20
18
16
17
18
16
19
17
18
19
19
18
17
17
58
17
20
19
17
17
19
18
85
17
17
17
17
18
16
17
17
20
16
16
20
21
19
16
18
21
18
18
19
17
18
18
18
18
19
19
18
15
17
18
18
19
24
18
18
17
19
18
19
17
20
19
17
19
17
19
20
19
23
17
19
17
20
21
18
20
20
15
18
16
23
18
18
17
16
21
18
15
18
17
15
17
19
17
17
20
17
19
15
15
20
18
18
18
17
18
20
21
19
19
17
17
17
17
16
16
20
17
19
16
15
17
19
19
17
17
20
17
17
17
21
16
18
19
15
17
17
17
19
17
19
17
17
17
19
17
18
17
17
18
16
15
19
17
18
17
17
17
18
17
18
19
19
15
15
18
15
17
18
15
17
17
16
17
18
19
16
19
16
19
18
19
20
18
17
18
18
21
16
20
18
17
19
18
17
18
20
18
18
17
21
18
19
19
21
18
15
14
18
20
19
18
22
22
17
20
21
16
16
19
17
21
20
16
17
16
18
19
17
18
17
17
20
18
16
19
19
15
16
19
18
17
19
17
19
17
18
17
18
17
19
17
17
17
17
18
17
20
18
20
17
18
18
17
17
20
19
18
22
82
21
23
20
17
20
16
19
18
19
17
18
17
18
19
18
17
18
18
17
16
20
20
15
18
18
18
24
19
17
17
18
19
43
18
15
22
22
20
17
17
18
17
19
20
16
19
16
22
146
23
23
22
17
23
15
18
19
17
18
16
19
18
19
16
16
17
24
22
19
17
23
18
17
17
19
17
17
20
19
18
21
17
18
19
15
19
20
17
15
20
21
23
21
16
20
17
17
17
21
17
19
16
20
19
15
23
21
22
19
16
20
18
20
22
17
