** CUDA ON ** 
Capture is opened
tipo matrice :CV_8UC3
101172
22838
16235
5618
6177
5662
7143
6901
12353
8778
13330
12249
8958
9022
11015
9147
10513
9436
8822
8923
9760
10563
9016
9020
8788
9824
8682
9279
8750
10351
9356
10127
9794
8795
8748
9290
8383
6998
7036
7143
6915
6809
7058
6936
6759
7024
7022
6983
7448
7131
6887
7398
7087
6839
6843
6985
7189
6805
6917
6877
7125
7121
6899
6757
6777
6901
6900
6881
7135
6990
6970
7190
6782
6960
6953
7840
7173
7946
7110
7201
7487
9955
6842
7520
8602
8437
7677
6918
7075
7159
7116
8001
7139
6926
6830
7032
6914
6889
6895
6955
6949
7072
6856
6800
6827
6938
7195
7020
7024
6992
7201
7090
6897
6906
7434
6959
6969
8365
7204
6980
6897
6894
7131
7123
6859
6959
6838
7113
6768
6879
6812
7045
7426
6884
7060
7021
7100
6816
6778
7201
7800
9567
8124
7090
6825
6845
7024
6891
6935
7239
7288
7016
6883
6957
6719
6935
7127
7291
7756
8840
7238
6972
7331
7132
7370
6898
8160
7218
6753
6847
7274
7106
6932
7052
7067
7205
7202
7045
7080
6725
7217
7089
7155
6825
6792
6918
7296
6872
7134
6924
7196
6994
6905
7066
7293
7097
6740
6723
7162
6986
6995
6894
7193
6961
6834
6721
7528
7732
6988
6712
7014
6955
7049
6808
7121
7292
7043
6971
7122
7099
6932
7050
7147
6803
6919
7167
7294
6897
6878
7013
7223
6781
6863
7228
7289
6993
6900
6884
7189
6723
6794
7072
7158
6834
6850
7106
7384
6908
6923
7067
6959
6774
6779
6833
7235
7050
6968
7401
6978
7046
6976
6841
6922
7205
6823
6898
6939
7073
7162
7183
6962
7241
7138
6996
6913
7176
6804
6787
6953
7064
7122
6756
6772
6958
7165
6771
6802
6778
7060
7136
7055
6912
7176
6910
6915
6820
6968
7031
7646
6936
7018
7227
7017
7928
7400
6844
7015
7081
6927
7014
7212
6940
7006
6984
7005
6863
6842
6944
7161
6862
6804
6924
7096
6814
7016
8045
7159
6913
6827
7046
6872
6802
6847
7218
7214
6930
7693
7360
6942
6802
7061
7149
7185
6860
7022
6993
6990
6960
6826
6919
7153
7357
7006
8258
7270
6906
6829
6819
7003
7082
6926
6979
7332
6806
6898
7054
6948
6724
7079
7138
6775
6886
7074
6947
6963
6846
7003
6847
7141
6858
6726
6875
6953
7151
6836
6910
7002
7110
6788
6892
7128
6993
6806
7027
7141
7130
6911
6742
7208
7144
6879
6935
6868
7239
7254
6854
6938
7123
7089
6789
6966
7324
7135
7273
7122
6916
6721
7000
7221
6935
7041
7134
7334
7094
6899
7236
7142
7167
7615
7176
6986
6877
6959
7257
6838
7718
7275
7123
6968
6887
7208
6895
6902
6842
7008
6773
6916
7845
7097
6778
6953
6827
7175
7323
6919
6723
7265
7195
6741
6763
7006
7063
6892
6757
7898
6921
7013
6733
7170
6850
6757
6820
7067
6956
6946
7081
6771
7075
7067
7024
6898
6939
7340
7130
6803
6826
7000
7134
7071
6939
7039
7110
6923
6731
6791
6914
7181
6979
6925
6872
7052
6820
6764
7228
7184
6863
6891
6980
6874
6834
6903
7018
7092
6852
6808
6835
7146
6937
6960
8192
7023
6933
6928
6847
7199
6799
6989
6848
6982
7226
6893
8271
7108
7263
6789
7681
7197
6896
8314
7091
6840
7091
7024
7003
7203
6790
6895
7061
7066
6782
6956
6928
7407
6850
6855
6869
7304
6870
6839
6790
6980
6834
6896
6872
7225
7038
6935
7232
7017
6950
6930
6959
6973
6884
6927
6884
7082
7037
6949
6798
7162
7038
7131
6960
7200
6915
6862
7080
6996
6624
6941
6946
7139
6858
7043
7009
8120
6726
6853
6782
7176
6798
6752
8056
7120
7203
6773
7006
7181
6707
6860
7135
7327
6936
6978
6965
7166
6872
6782
7149
7272
6969
6842
7147
6931
6750
7608
6914
7059
7119
7000
7938
7091
7224
6892
7033
6958
7107
6830
6839
7025
7098
6844
6809
6863
7117
7088
6947
6923
7057
7149
6946
6940
7166
6782
6977
7361
6826
6948
6951
7235
7029
7181
8438
7190
6860
7053
7741
7180
6805
6841
6988
7191
7140
6816
6878
7221
6886
6761
6747
6813
7125
6899
6819
6710
6787
8379
7063
7094
6832
6726
6899
7375
6860
6948
7209
6894
6905
7070
7159
6819
6864
7031
6960
6993
6932
7226
6961
6765
7091
6889
6982
6885
7119
6926
6865
7297
6763
6901
7121
6756
6864
7109
7184
6936
6940
7220
6942
6973
6788
6999
7308
7583
6778
6875
7172
6774
7128
7046
6998
7012
7115
6926
6934
7034
6971
7120
6837
7173
7052
6990
6813
7041
7060
6864
7960
7115
7137
6890
7178
7074
6974
7173
6847
7096
6859
6856
6914
7162
6891
6927
6898
7511
6716
6987
6896
6988
6970
6905
8289
7901
6792
6881
6984
6920
6768
6926
7172
7077
6949
6908
7219
7213
6830
6938
6956
7292
6997
6707
6918
7202
6795
6765
6689
7221
6759
6867
6878
7162
6926
6754
6727
6744
7212
6788
7034
7270
7013
6982
6818
7145
6866
6866
6822
6716
7002
6925
6799
6868
7083
6836
6996
7132
8218
6816
6935
6802
7133
6959
6950
7091
7060
6988
7005
7006
7142
6705
6904
7128
6997
6786
6936
6983
6936
6905
6840
7270
6949
7025
7957
7123
6847
7072
6944
7031
6949
7026
6943
7131
7058
6999
6937
7115
6689
6843
6728
7186
6839
6744
6967
6958
7107
7256
7013
7195
7219
7020
6818
7154
7155
6774
6863
7477
7151
6908
7061
7207
7176
6887
6766
7262
6805
7119
7008
7425
6987
7109
7122
6971
7033
6993
7307
7176
6915
6849
6969
6854
6823
6945
6980
6909
6862
7204
7021
6904
7159
6855
6971
7133
7089
6725
6997
7334
6993
6988
6913
7040
6745
6770
6719
7023
7139
6835
6784
6880
6938
7150
6808
6856
6858
7129
6939
6934
8027
7178
7076
6980
6966
7120
6954
6950
7214
6950
7082
7164
6832
6855
7054
6763
6763
7451
7095
11019
6993
7159
7188
6814
6838
7022
7253
6922
6815
7083
7095
6893
6897
7005
7281
6773
6953
7208
7103
7014
6991
6839
6942
7147
7016
7012
7002
7179
6933
6817
7088
7101
6891
6924
6810
7217
7372
6947
6932
7215
6778
6901
6868
7149
7071
6906
6827
7093
7386
6969
7320
6871
7106
7215
6802
6955
7009
6975
6908
6992
7028
6922
7040
6875
7030
7034
6737
6932
6981
6898
7195
6767
7042
7053
6780
6960
7062
7266
6925
7847
7075
7120
6894
6943
7248
7125
6917
6959
6864
7238
6758
6754
6797
7153
6767
6856
6803
7143
6899
6868
6938
7393
6805
6782
7087
6950
6882
6811
8292
7444
6829
6880
6902
7205
7035
6806
6866
6736
6982
7158
6804
6842
6968
7303
6909
6931
7033
6929
6939
6873
6869
7228
6840
6777
6878
7081
7261
6850
6873
7119
7159
6829
7758
6981
7116
6684
6772
7040
7236
6896
6896
6965
6916
7260
6805
7005
7157
7072
6965
6803
6797
7103
6804
6882
7081
7305
6850
6897
7197
6791
6824
6767
7040
6926
6879
7026
7131
6842
6790
7285
7386
6936
6967
6946
7217
6945
7061
6950
7194
6929
6888
7158
6716
7009
6743
6847
6887
7155
6918
6874
6848
7466
7024
6946
6867
7334
7023
6871
7719
7110
6916
6759
6987
7297
6948
6926
7170
6866
7112
6964
6961
7175
6859
6721
6827
7354
6821
6874
6971
7065
7011
6929
6975
6839
7229
7037
8514
7138
7276
7005
6849
6899
7407
6940
6963
6981
7129
7385
6929
6939
6849
7235
6840
6792
6921
7265
7150
6948
6893
6921
7079
6762
6719
6817
7098
7004
6838
6878
7176
7049
6812
6835
7032
7111
6874
6891
6907
7181
7397
6703
6782
6805
7110
6839
6871
7085
7007
6912
6762
6711
6801
7062
6778
6753
6802
7152
7000
6824
6890
6799
7115
7055
6769
6798
7090
6921
6912
6843
6930
6961
6970
6757
6844
7039
6934
6820
6812
7160
7171
6787
6727
6842
7095
6879
6859
6945
6837
7047
6893
7093
6907
6908
6861
7149
6858
6926
6858
7063
7176
6832
6847
6844
6997
6984
6979
6982
7087
6982
7012
6763
6892
7304
6844
6989
6787
7234
7087
7025
6951
7070
7193
6997
6814
6761
7189
6785
8162
7118
7228
6841
6912
6950
7181
6980
6904
6914
6914
7186
6993
6743
6886
7196
6981
7049
6852
7007
7122
6821
6841
7561
7109
6706
6654
7021
7157
6935
6819
6835
6917
6850
6885
6840
7099
7334
6995
7192
7192
6905
6918
6865
7119
6968
6900
7090
7058
6995
6884
6817
7225
6915
6866
6867
7227
6805
6675
6940
7213
7104
6850
6882
6902
7295
7001
7019
6891
7233
6732
7109
7053
7153
6740
6826
7089
7032
6988
7000
7151
7182
6963
6972
6853
7153
7301
6925
6704
6725
7225
6820
6820
6811
6984
7035
6800
6893
6844
6975
6829
6988
6831
7369
7026
7687
7130
6720
6878
7178
7144
6927
7067
7268
8015
6839
6813
7129
6830
6872
6726
7062
7099
6989
7125
7008
6925
6937
6756
7247
6852
7031
7132
7145
6899
6762
6767
7261
7235
6938
6873
6939
6734
6846
7160
7307
6977
7060
6814
6962
6997
6899
6676
6755
7123
6804
6880
6931
7661
7004
6868
7069
7140
6844
6797
6893
7152
7299
6832
6839
7049
6865
6940
6890
7075
7089
7083
6929
7110
6939
6816
6898
7009
7169
6798
6723
6832
7092
6889
7069
6768
7292
7246
6708
6762
6718
7090
6894
6953
7127
7032
7219
6913
6846
6831
7018
6895
7139
6952
7175
6848
7543
6797
6996
6954
6856
6850
6914
7198
6976
6777
7149
7232
6889
6871
6856
7278
6967
6926
6920
7054
6772
6834
6879
7020
7163
6979
6800
7081
6900
7070
7083
7137
6770
6819
6895
7098
6951
6962
6872
7205
7171
6823
6854
6989
7111
7146
6939
7008
6954
6943
7219
7043
6851
6834
7049
7062
6987
6994
7194
6826
6892
7009
7196
6827
6736
6828
6990
7122
7258
7258
6761
7087
7192
7127
6851
6814
7016
6925
6846
6850
6982
7135
7055
6839
7130
7107
7216
6899
6926
7227
6814
6829
6759
7071
6919
6829
6844
7308
7070
6897
6783
7185
7031
6826
6821
7590
6794
6965
7227
7100
6820
6824
7278
7251
6982
7052
6990
7118
6938
7005
7044
7136
6745
6804
6891
7031
6857
7080
6930
7057
6943
6939
7163
7140
6925
6845
7252
6996
6865
7381
7221
6912
6825
6842
6890
7224
7649
7461
7074
6986
7189
7094
6755
6785
6805
7044
6924
7005
8257
7165
6967
7042
6903
7073
6934
7048
6859
7030
6782
7814
7737
7100
6870
6851
6986
7338
6821
7197
6886
7008
7045
6853
7076
7235
6921
6933
6864
7220
6830
7005
7031
7037
6985
7079
7002
6935
6952
6903
6840
7161
6843
6874
7055
7059
7008
7015
6819
7306
6794
6786
7211
7187
7004
6998
6824
7111
6948
6961
7108
6963
7109
6896
7071
6892
6925
6919
6965
7168
7066
6869
6991
7211
6812
6947
6819
7418
6864
6783
6822
7010
7362
6918
6928
7415
7173
6989
6847
7318
6760
6813
7210
7123
8567
